name
Aakash Shyamlal Chopra
Aamer Hameed
Aamer Hanif
Aamer Malik
Aamer Nazir
Mohammad Aamer Sohail Ali
Aaqib Javed
Aaron James Finch
Aaron Warren O'Brien
Aaron Mpho Phangiso
Aaron James Redmond
Aashish Rakesh Kapoor
Aasif Yusuf Karim
Aavishkar Madhav Salvi
Abraham Benjamin de Villiers
Abbas Ali Baig
Abdool Mudassar Samad
Abdul Jabbar Chaudrey
Abdul Kadir
Abdul Hafeez Kardar
Abdul Qadir Khan
Abdul Razzaq
Abdul Rehman
Abdullah Mazari
Abdur Rauf Khan
Khan Abdur Razzak
Abdur Rehman
Abraham Waddington
Abey Kuruvilla
Abhijit Vasant Kale
Abhimanyu Mithun
Abhinav Mukund
Abhishek Mohan Nayar
Mohammad Abul Hasan
Abzal S Dean
Adam Marc Bacher
Adam Craig Dale
Adam John Dibble
Adam Craig Gilchrist
Adam John Hollioake
Adam George Huckle
Adam Lyth
Adam Fraser Milne
Adam Craig Parore
Adam Sanford
Adam Charles Voges
Mohammad Adeel Khalid Raja
Adil Usman Rashid
Adnan Akmal
Adrian Boris Barath
Adrian Frank Gordon Griffith
Adrian Paul Kuiper
Afaq Hussain
Arthur Harwood Jarvis
Afsar Khan Zazai
Aftab Ahmed Chowdhury
Aftab Alam
Aftab Baloch
Aftab Gul Khan
Aftab Habib
Aftabobeen Shamshudeen
Mohammad Afzaal Haider
Agha Saadat Ali
Agha Zahid
Shaker Ahmed Kamal
Ahmed Raza
Ahmed Shah Ahmedzi
Ahmed Shehzad
Malik Ahsan Ahmad Jamil
Aiden Craig Blizzard
Aijaz Ali
Aizaz Bin Ilyas Cheema
Mohammad Aizaz Khan
Balapuwaduge Ajantha Winslo Mendis
Ajaysinhji Daulatsinhji Jadeja
Ajay Ratra
Ajay Kumar Sharma
Ajinkya Madhukar Rahane
Ajit Bhalchandra Agarkar
Ginigalgodage Ramba Ajit de Silva
Ajit Manohar Pai
Ajit Laxman Wadekar
Ajith Priyantha Weerakkody
Ajmal Shahzad
Apoorva Kumar Sengupta
Withanaarchchige Chamara Akalanka Ganegama
Akhtar Sarfraz
Mahamarakkala Kurukulasooriya Patabendige Akila Dananjaya Perera
Mohammad Akram Hussain Khan
Mohammad Akram Raza
Akshar Rajeshbhai Patel
Mohammad Al Sahariar
Mohammad Al-Amin Hossain
Mohammad Alamgir Kabir
Alan Brown
Alan Raymond Butcher
Alan Norman Connolly
Alan Keith Davidson
Alan Charles Dawson
Alan George Fairfax
Alan George Hurst
Alan Paul Igglesden
Alan Falconer Kippax
Alan Philip Eric Knott
Alan Melville
Alan Edward Moss
Alan David Mullally
Alan Stanley Myles Oakman
Alan Christopher Smith
Alan Lloyd Thomson
Alan Turner
Alan Ward
Alan Peter Wells
Alan Wharton
Alasdair Campbell Evans
Alastair Nathan Cook
Alawi Shukri Al Braik
Albert Ernst Victor Hartkopf
Albert Neilson Hornby
Albert Ernest Knight
Albert Leroy Padmore
Albert William Powell
Albert Edward Relf
Albert Rose-Innes
Albert Edwin Trott
Albert van der Merwe
Albert Ward
Johannes Albertus Morkel
Albert William Roberts
Alexander Chalmers Bannerman
Alec Victor Bedser
Alexander Coxon
Alec George Davies
Alec Hearne
Alexander Hurwood
Alec James Stewart
Alester Maregwede
Alex Richard Cusack
Alexander James Doolan
Alexander Niall French
Alexander Daniel Hales
Alexander Stuart Kennedy
Alexander Guy Rushworth Loudon
Alexander McKenzie Moir
Alex Obanda Auma
Alex Ross Tait
Alex Jeremy Tudor
Alexander George Wharf
Alexander Josiah Webbe
Alexei Nicolaas Kervezee
Alfred Richard Gover
Alfred Ewart Hall
Alfonso Clive Thomas
Alfred German Archer
Alfred Phillip Binns
Alfred Henry Cecil Cooper
Alfred Ernest Dipper
Alfred Luseno Sorongo
Alfred Lyttelton
Alfred Renfrew Richards
Alfred Homer Patrick Scott
Alfred Shaw
Alfred Louis Valentine
Donald Raeburn Algernon Gehrs
Ali Asad Abbas
Aron Bacher
Syed Ali Urooj Naqvi
Syed Ali Hussain Rizvi
Ali Hassimshah Omarshah
Alimuddin
Alistair Duncan Brown
Alistair Douglas Ross Campbell
Allan Robert Border
Allan Anthony Donald
Allan Joseph Lamb
Allan Fitzroy Rae
Allan Gibson Steel
Albert John Watkins
Allen Hill
Allen Fisher Lissette
Alok Kapali
Alpesh Vallabhdas Vadher
Alphonso Theodore Roberts
Alvin Ethelbert Greenidge
Alvin Isaac Kallicharran
Alviro Nathan Petersen
Sampathwaduge Amal Rohitha Silva
Mohammad Aman Ali
Ladhabhai Nakum Amar Singh
Amay Ramsevak Khurasiya
Ambar Khirid Roy
Ambati Thirupathi Rayudu
Mohammad Aminul Islam
Amir Elahi
Amit Bhandari
Amit Sheldon Jaggernauth
Amit Mishra
Amjad Ali Chaudhry
Amjad Javed
Amjad Khan
Mohammad Anamul Haque
Anaru Kyle Kitchen
Andre Ryan Adams
Andre Cornelius Botha
Andre David Stephon Fletcher
Andre Nel
Andre Dwayne Russell
Andrew Balbirnie
Samuel Andrew Britton
Andrew Malcolm Ellis
Andrew Flintoff
Andrew William Gale
Andrew Greenwood
Andrew James Hall
Andrew Mark Jefferson Hilditch
Andrew John Hodd
Andrew Charles Hudson
Andrew Howard Jones
Andrew Barry McDonald
Andrew Jonathan Penn
Andrew David Poynter
Andrew George Puttick
Andrew Ernest Stoddart
Andrew John Strauss
Andrew Symonds
Andrew Roland White
Andrew Richard Whittall
Andris Karlis Zesers
Andrew John Bichel
Arnoldus Mauritius Blignaut
Andrew Richard Caddick
Anderson Cleophas Cummins
Andrew Duncan Glenn Roberts
Andrew Ducat
Andrew Flower
Andrew Gordon Ganteaume
Timothy Andrew Lloyd
Andrew Robert McBrine
Andrew John McKay
Andrew John Pycroft
Anderson Montgomery Everton Roberts
Andrew Sandham
Andrew Christopher Waller
Angelo Davis Mathews
Angelo Kanishka Perera
Angus Robert Charles Fraser
Angus James Mackay
Anil Dalpat Sonavaria
Anil Kumble
Anisur Rahman
Ankur Sharma
Anshuman Dattajirao Gaekwad
Antao D'Souza
Anthony John Ireland
Anthony Martin
Anthony McGrath
Anthony Mark Stuart
Anton Paul Devcich
Anton Ronald Andrew Murray
Anura Nandana Ranasinghe
Anura Punchi Banda Tennekoon
Anwar Ali
Mohammad Anwar Hossain
Anwar Hussain Khokhar
Anwar Khan
Arafat Sunny
Pinnaduwage Aravinda de Silva
Archibald William Palm
Archibald Jackson
Archibald Campbell MacLaren
Charles Archibald Wiles
Arif Butt
Arjuna Ranatunga
Arnold Sidebottom
Arnold James Fothergill
Arnold Warren
Arsalan Qadir
Arshad Ali
Arshad Ayub
Arshad Khan
Arshad Laeeq
Arshad Pervez
Arthur George Barrett
Arthur William Carr
Arthur Gordon Chipperfield
Arthur Coningham
Arthur Dolphin
Arthur Edward Fagg
Arthur Fielder
Arthur Edward Robert Gilligan
Arthur Owen Jones
Arthur Chudleigh Beaumont Langton
Arthur Alfred Mailey
Arthur John William McIntyre
Clement Arthur Milton
Arthur Mitchell
Arthur Webb Mold
Arthur Robert Morris
Arthur Edward Ochse
Arthur Dominic Josclyn Pitcher
Arthur John Richardson
Arthur William Seccull
Arthur Shrewsbury
Arthur William Wellard
Arthur Wood
Arthur Edward Dick
Arul Vivasvan Suppiah
Jagdishlal Arun Lal
Aruna Alwis Wijesiri Gunawardene
Arvindrao Laxmanrao Apte
Arvindah Luxman Kandappah
Asad Ali
Sheikh Mohammad Asad Shafiq
Asanka Pradeep Gurusinha
Asghar Ali Khan
Mohammad Asghar Stanikzai
Subasinghe Mudiyanselage Ashan Priyanjan
Ashantha Lakdasa Francis de Mel
Ashfaq Ahmed
Ashish Bagai
Ashish Nehra
Ashish Patel
Ashley Matthew de Silva
Ashley Fraser Giles
Ashley Alexander Mallett
Ashley Allan Noffke
Ashley Renaldo Nurse
Ashley James Woodcock
Ashok Bhimchandra Dinda
Ashok Gandotra
Ashok Omprakash Malhotra
Ashok Vinoo Mankad
Ashok Kurjibhai Patel
Ashraf Ali
Ashton Charles Agar
Ashwell Gavin Prince
Asif Iqbal Razvi
Raja Asif Mahmood
Syed Asif Masood Shah
Mohammad Asif Mujtaba
Asif Abdulhai Mulla
Asim Butt
Mohammad Asim Kamal
Asim Saeed
Mohammad Aslam Khokhar
Ellawalakankanamge Asoka Ranjit de Silva
Assad Badyr Fudadin
Ata-ur-Rehman
Athar Ali Khan
Athol Matthew Burchell Rowan
Atholl Henry McKinnon
Maitipage Athula Rohitha Samarasekera
Atif Rauf
Atiq-uz-Zaman
Atse Folkert Buurman
Atul Chandrakant Bedade
Atul Satish Wassan
George Aubrey Faulkner
Charles Aubrey Smith
Audley Montague Miller
Austin Codrington
Austin David George Matthews
Austin Conroy Lenroy Richards
Dihan Avishka Gunawardene
Awais Zia
Mohammad Azam Khan
Raja Azeem Hafeez
Azeem Ryan Pitcher
Azeem Rafiq
Azhar Ali
Mohammad Azhar Hossain
Mohammad Azhar Khan
Azhar Mahmood Sagar
Syed Azhar Saeed
Azmat Rana
Babar Hayat
Mohammed Ahmed Meman
Hemchandra Tukaram Dani
Wandavasi Dorakanti Balaji Rao
Balkrishna Pandharinath Gupte
Balwinder Singh Sandhu
Bandula Warnapura
Rameshchandra Gangaram Nadkarni
Mohammad Baqa Khan Jilani
William Carkeek
Barney Guy Rogers
Barrington St Aubyn Browne
Barry George Hadlee
Barrington Noel Jarman
Barry Rolfe Knight
Barry Douglas Milburn
Barry Anderson Richards
Barry Benjamin Seebaran
Barry Kenneth Shepherd
Barry Whitley Sinclair
Barry Wood
Edward Lawson Bartlett
Bastiaan Zuiderent
Basanta Regmi
Basil Fitzherbert Butcher
Basil Lewis D'Oliveira
Basil Arthur Firebrace Grieve
Alvadon Basil Williams
Basit Ali
Bazid Khan
Beau Casson
Benjamin Arthur Barnett
Benjamin Nicolas Cooper
Benjamin Colin James Cutting
Benjamin William Hilfenhaus
Benjamin Caine Hollioake
Ben Laughlin
Ben James Phillips
Ben James Rohrer
Benjamin James Sealey
Benjamin Andrew Stokes
Berend Arnold Westdijk
Berkeley Bertram McGarrell Gaskin
Bernard James Tindal Bosanquet
Bernard Denis Julien
Bernardus Pieters Loots
Augustus Bernard Tancred
Albert John Young Hopkins
Herbert Ironmonger
William Albert Stanley Oldfield
Herbert Strudwick
Bert Sutcliffe
Carlos Bertram Clarke
Beuran Eric Hendricks
Bevan Ernest Congdon
Bevan Barry John Griggs
Bhagwat Subramanya Chandrasekhar
Bharathi Arun
Bharath Reddy
Bhupinder Singh
Bhuvneshwar Kumar Singh
James Henry Anderson
Bilawal Bhatti
Charles William Jeffrey Athey
William Bell
William Eric Bowes
Walter Morris Bradley
William Brockwell
William Alfred Brown
William Henry Copson
William John Edrich
William Farrimond
John William Hitch
William Peter Howell
William Alfred Hunt
William Arras Johnston
William Morris Lawry
William Henry Lockwood
Eric Balfour Lundie
William Edward Merritt
William Joseph O'Reilly
William Rodger Playle
William Harold Ponsford
William Storer
William Voce
William James Watson
William James Whitty
William Maldon Woodfull
William Barnes
Willie Bates
William Hughes Bowker Frank
Stewart Cathie Griffith
William Gunn
Khalid Ibadulla
William Evans Midwinter
William Lloyd Murdoch
William Newham
William Frederick Stelling
Walter Wareham Wade
Johan Wilhelm Zulch
Binod Bhandari
Bishan Singh Bedi
Bradley-John Watling
Bjorn Leo Kotze
Blair Robert Hartland
Blair Andrew Pocock
Ngonidzashe Blessing Mahwire
Robert Appleyard
Robert William Barber
Robert Berry
Robert William Blair
Robert Hector Catterall
Robert Michael Henry Cottam
Robert Maskew Cowper
Robert James Crisp
Robert Smith Cunis
Robert George Holland
Robert Arnold Lockyer Massie
Robert William McLeod
Edward Serrurier Newson
Robert Baddeley Simpson
Robert William Taylor
Robert George Dylan Willis
Robert Andrew Woolmer
Robert Elliott Storey Wyatt
Robert Abel
Robert Peel
Modireddy Venkateshwar Narasimha Rao
Hendrik Human Dippenaar
James Middleton
William Boyd Rankin
Bradley James Haddin
Bradley John Hodge
George Bradley Hogg
Bradley Peter Kruger
Bradley Michael King Patton
Brad Andrew Williams
Bradley Evan Young
Brandon Jeremy Bess
Bransby Beauchamp Cooper
Brendan Paul Nash
Brendan Ross Murray Taylor
Brendon Paul Bracewell
Brendon John Diamanti
Brendon Paul Julian
Don Sardha Brendon Priyantha Kuruppu
Brendon Barrie McCullum
Brent John Arnel
Brenton Anthony Parchment
Brett Raymond Dorey
Brett Geeves
Brett Lee
Brett Nolan Schultz
John Brian Bolus
Brian Charles Booth
Dennis Brian Close
Brian Frederick Hastings
Brian Charles Lara
Brian William Luckhurst
Brian John McKechnie
Brian Mervin McMillan
Brian Andrew Murphy
Brian Charles Rose
John Brian Statham
Hedley Brian Taber
Brian Vitalis Vitori
Brighton Tonderai Watambwa
Brijal Jagdish Patel
Brijesh Pursuram Patel
Brooke Graeme Keith Walker
Bruce Robert Blair
Bruce Alfred Bolton
Bruce Dooland
Bruce Adrian Edgar
Bruce Colin Francis
Bruce Nicholas French
Bruce Malcolm Laird
Bruce Philip Martin
Bruce Mitchell
Bruce Donald Morrison
Bruce Alexander Grenfell Murray
Bruce Hamilton Pairaudeau
Bruce Mathew Winston Patterson
Bruce Anthony Reid
Bruce Richard Taylor
Bruce Yardley
Frank Brunton Smith
Bryan Andrews
Bryan Allan Davis
Bryan Michael Mauricette
Bryan Colin Strang
Bryan Herbert Valentine
Bryan Andrew Young
Bryan William Yuile
Bryce Edward McGain
Norman Oldfield
Budhisagar Krishnappa Kunderan
Lennox Stephen Butler
Alfred Perry Lucas
Burton Oliver van Rooi
William Stephen Farrer
Eiulf Peter Nupen
David William White
Callum James Ferguson
Calum Scott MacLeod
Calvert Kenroy Hooper
Calvin Gary Burnett
Cameron James Borgas
Cameron Eustace Cuffy
Cameron Leon White
Cameron Wilberforce Smith
Carl Edwin Bulfin
Carl Llewellyn Hooper
Carl Gray Rackemann
Carl McArthur Tuckett
Carlisle Alonza Best
Carlos Ricardo Brathwaite
Carlton Seymour Baugh
Charles Burgess Fry
Coimbatarao Doraikannu Gopinath
Cecil Donovan Dixon
Cecil Alphonso Marshall
Cecil Harry Parkin
Cephas Zhuwao
Cecil Burke
Chad Blake Keegan
Chadwick Antonio Kirkpatrick Walton
Chamara Iroshan Dunusinghe
Chamara Kantha Kapugedera
Lindamlilage Prageeth Chamara Silva
Materba Kanatha Gamage Chamila Premanath Lakshitha
Manimeldura Chaminda Mendis
Warnakulasuriya Patabendige Ushantha Joseph Chaminda Vaas
Champaka Priyadarshana Hewage Ramanayake
Chamunorwa Justice Chibhabha
Uda Walawwe Mahim Bandaralage Chanaka Asanka Welagedara
Upul Chandika Hathurusingha
Chandrasekhar Trimbak Sarwate
Chandrakant Sitaram Pandit
Chandrakant Trimbak Patankar
Chandrasekhar Vaman Gadkari
Chandrakant Gulabrao Borde
Charith Panduka Senanayake
Thudellage Charitha Buddhika Fernando
Charl Kenneth Langeveldt
Charl Myles Willoughby
Charles Bannerman
Charles John Coventry
Charles Gustav Fichardt
Charles Frederick William Hime
Charles Ernest Llewellyn Jones
Charles Kelleway
Charles Frederick Henry Leslie
Charles George Macartney
Charles Henry Mills
Charles Henry Palmer
Charles Frederick Henry Prince
Charles Thomas Studd
Charles Henry Vintcent
Charles William Wright
Charles Alfred Absolom
Showkat Baksh
Charles John Barnett
Charles Allan Davis
Charles John Eady
Charles Edward Finlason
Charles Newton Frank
Charles Christopher Griffith
Charles Hallows
Charles Bennett Llewellyn
Alan Charles Ingram Lock
Charles Percy McGahey
Charles Edward McLeod
Charles Warrington Leonard Parker
Charles James Edward Smith
Sven Conrad Stayers
Charles Lucas Townsend
Charles Thomas Biass Turner
Charran Kamkaran Singh
Pinnaduwage Chaturanga de Silva
Chester Donald Watson
Chetandra Pratap Singh Chauhan
Chetan Sharma
Cheteshwar Arvindbhai Pujara
Chinthaka Umesh Jayasinghe
Christopher John Adams
John Christopher Balderstone
Brian Christopher Broad
Christopher George de Villiers Burger
Christopher Lance Cairns
Christopher Stuart Cowdrey
Christopher Ryan McCallan Douglas
Christopher James Drum
Christopher Anthony Russell Duckworth
Christopher Ray Foggo
Christopher Henry Gayle
Chris Zinzan Harris
Christopher Robert Jones
Christopher James Jordan
Christopher Mary Kuggeleijn
Clairmonte Christopher Lewis
Christopher Hallett Lonsdale
Christopher Austin Lynn
Christopher Stewart Martin
Christopher Darrell Matthews
Christopher Henry Morris
Christopher John Nevin
Christopher Middleton Old
Christopher Pringle
Christopher Mark Wells Read
Christopher John Llewellyn Rogers
Christopher Paul Schofield
Christopher Eric Wilfred Silverwood
Christopher Lyall Smith
Christopher James Tavaré
Christopher Timothy Tremlett
Christopher Roger Woakes
Christopher Philip Wood
Christopher Dion Barnwell
Christopher James David Chappell
Christopher Heseltine
Christopher Bobby Mpofu
Christopher David Nash
Leslie O'Brien Fleetwood-Smith
Cottari Kanakaiya Nayudu
Cyril Clairmonte Depeiaza
Charles Clarence Passailaigue
Clarence Skelton Wimble
Clarence Victor Grimmett
Claude Percival Buckenham
Claude Pagdett Carter
Claude Eugene Floquet
Claude William Henderson
Claude Burrows Jennings
Claude Newberry
Clay James Smith
Clayton Benjamin Lambert
Clement Hill
Clement Eustace Macro Wilson
Clement Lecky Johnson
Clifford Gladwin
Clifford Aubrey McWatt
Clifford Archibald Roach
Clinton James McKay
Clive Edward Eksteen
Clive Gray Halse
Clive Hubert Lloyd
Clive Thornton Radley
Clive Edward Butler Rice
Clive Berrange van Ryneveld
Clyde Godfrey Butts
Clyde Leopold Walcott
Kenneth Colin Bland
Colin Blythe
Michael Colin Cowdrey
Colin Everton Hunte Croft
Colin de Grandhomme
Colin Ernest John Guest
Colin Alexander Ingram
Colin Leslie McCool
Colin Campbell McDonald
Colin Milburn
Colin Reid Miller
Colin Munro
Colin John Ogilvie Smith
Colin Alexander Snedden
Colin Ellsworth Laurie Stuart
Colin Mark Wells
Colin Wesley
O'Neil Gordon Smith
Collins Omondi Obuya
Collis Llewellyn King
Commandur Rajagopalachari Rangachari
Conrad Cleophas Hunte
Corey James Anderson
Corey Dalanelo Collymore
Cornelius Cyprian Henry
Cornelius Johannes Petrus Gerthardus van Zyl
Cotar Ramaswami
Courtney Oswald Browne
Courtney Keith Kruger
Courtney Andrew Walsh
Craig Derek Cumming
Craig Richard Ervine
Craig Neil Evans
Craig Kieswetter
Craig Russell Matthews
Craig John McDermott
Craig Douglas McMillan
Craig Stanton Serjeant
Craig Murray Spearman
Craig Donald Wallace
Craig White
Craig Brian Wishart
Craig McIntyre Wright
Cottari Subbanna Nayudu
Cuan Neil McCarthy
Cullen Benjamin Bailey
Milford Laurenson Page
Curtly Elconn Lynwall Ambrose
Cyril Francis Walter Allcott
Cyril Marcel Christiani
Cyril Matthew Francois
Cyril Arthur Merry
Cyril John Poole
Cyril Leverton Vincent
Cyril Frederick Walters
Cyril Washbrook
Daan Lodewijk Samuel van Bunge
Dale Martin Benkenstein
Dale Maurice Richards
Dale Willem Steyn
Dalton Parry Conyngham
Damien William Fleming
Damien Richard Martyn
Dammika Ranatunga
Damodar Daesrath
Daniel Mark Hodgson
Daniel Taylor
Dane James Vilas
Daniel Trevor Christian
Daniel James Cullen
Daniel Raymond Flynn
Daniel Joseph Harris
Daniel Keulder
Daniel Wayne Owen Morgan
Daniel Lindsay Richard Smith
Daniel Luca Vettori
Danish Parabha Shanker Kaneria
Danny Richard Briggs
Daniel Kyle Morrison
Durant Clifford Parkin
Mashtayage Dhanushka Gunathilleke
Danza Pacino Hyatt
Daren Ganga
Daren Brent Lyle Powell
Darren Michael Bravo
Darren Gough
Darren Scott Lehmann
Darren Lee Maddy
Darren John Pattinson
Darren Roy Ramsammy
Darren Julius Garvey Sammy
Darrin James Murray
Darron John Reekers
Darryl Brown
Daryl Raymond Tuffey
Daryll John Cullinan
Dattajirao Krishnarao Gaekwad
Dattaram Dharmaji Hindlekar
Dattatraya Gajanan Phadkar
Davenell Frederick Whatmore
David John Callaghan
David Robert Gilbert
David William Gregory
Dave Mohammed
Arthur William Nourse
David John Richardson
David Bryan Rundle
David Bertram Miller Smith
David Walter Allan
David Arthur Allen
David Leslie Bairstow
David John Balcombe
David Eddison Bernard
David Clarence Boon
David Hayden Brain
David John Brown
David John Capel
David John Colley
David Denton
David Ivon Gower
David Andrew Griffiths
David Lloyd Hemp
Peter David Heyn
David Anthony Jerome Holford
David William Hookes
David Laud Houghton
David John Hussey
David Ernest James Ironside
David Jude Johnson
David Rolston Emmanuel Joseph
David Langford-Smith
John David Frederick Larter
David Valentine Lawrence
David Lloyd
David Andrew Miller
David Murphy
David Anthony Murray
David Travolta Mutendera
David Robert O'Sullivan
David Oluoch Obuya
Alan David Ogilvie
David Bartlett Pithey
David Alexander Renneberg
David Graham Sewell
David Stuart Sheppard
David John Sincock
David Robert Smith
David Stanley Steele
David John Terbrugge
Lazaro Openda Tikolo
David Charles Humphery Townsend
David Andrew Warner
David John White
David Wiese
David Williams
Davis Joseph
Dawlat Khan Ahmadzai
Dawlat Zadran
Dayle Robert Hadlee
Dean Graham Brownlie
Dean Elgar
Dean Warren Headley
Dean Mervyn Jones
Dean Anthony Minors
Debasis Sarbeswar Mohanty
Deep Biplab Dasgupta
Roshan Harshadlal Shodhan
Deighton Kelvin Butler
Delyone Charles Clarence Borden
Denesh Ramdin
Denijs Paul Beck Morkel
Denis St Eval Atkinson
Denis Warburton Begbie
Denis Charles Scott Compton
Denis Thomson Lindsay
Denis Smith
Denis Stanley Tomlinson
Dennico Ashante Wellman Hollis
Dennis Leslie Amiss
Dennis Brookes
Dennis Victor Dyer
Dennis Gamsy
Dennis Keith Lillee
Horace Dennis Smith
Deon Bosman Kotze
Derek Norman Crookes
Derek Charles de Boorder
Derek Raymond Pringle
Derek William Randall
James Edward Derrick Sealy
Derek Shackleton
Derek Alexander Stirling
Derek Leslie Underwood
George Derek Varnals
Derick Recaldo Parry
Dermot Alexander Reeve
Derwin O'Neil Christian
Deryck Lance Murray
Desmond Edward Hoare
Desmond Randolph Chumney
Desmond Leo Haynes
Desmond Michael Lewis
Devang Jayant Gandhi
Devendra Bishoo
Devon Eugene Malcolm
Devon Sheldon Smith
Devon Cuthbert Thomas
Johann Dewald Nel
Dewald Pretorius
Kariyawasam Tirana Gamage Dammika Prasad
Hewawasam Gamage Dharshana Nayanakantha
Dhawal Sunil Kulkarni
Dhiman Ghosh
Dhiraj Devshibhai Parsana
Dhiren Murji Gondaria
Richard Gorton Barlow
Richard Howorth
Arthur Frederick Augustus Lilley
Richard Charles Motz
Richard Pilling
Richard Pollard
Arthur Dick Pougher
Derek Walter Richardson
Richard Thompson Spooner
Richard Knowles Tyldesley
Richard John Westcott
Richard Alfred Young
Richard Livingston Fuller
William Henry Matthews Richards
Dilawar Hussain
Congenige Randhi Dilhara Fernando
Loku Hettige Danushka Dilhara
Dilip Rasiklal Doshi
Dilip Narayan Sardesai
Dilip Balwant Vengsarkar
Mahawaduge Dilruwan Kamalaneth Perera
Eldeniya Medagedara Dilshan Yasika Munaweera
Adrian Dimitri Mascarenhas
Frank Dimuth Madushanka Karunaratne
Dinanath Ramnarine
Lokuge Dinesh Chandimal
Krishankumar Dinesh Karthik
Dinesh Mongia
Dinuka Sulaksana Hettiarachchi
Kandana Arachchige Dinusha Manoj Fernando
Dion Digby Ebrahim
Dion Joseph Nash
Dipak Nanalal Chudasama
Dipak Narshibhai Patel
Dirk Peter Nannes
Dirk Peter Viljoen
Dirk MacDonald Wellham
Doddanarasiah Ganesh
William Wilfrid Whysall
Mohammad Dolar Mahmud
Dominick Ignatius Joyce
Dominic Gerald Cork
Dominic Wesonga Saleti
Sangarange Don Anurasiri
Donald Derek Beard
Donald Dearness Blackie
Donald George Bradman
Donald Vincent Brennan
Donald Charles Cleverley
Donald Kenyon
Donovan Elliot Sylvester Maxwell
Donald Alexander Noel McRae
Donald James Pringle
Donald Tallon
Donald Dougald Taylor
Donald Wilson
Donald Bryce Carr
Donald John Knight
Donald Victor Smith
Donald Tatenda Tiripano
Donovan Livingston Blake
Donovan Jomo Pagon
Arthur Wellesley Briscoe
Douglas Erwin Bollinger
Douglas Andrew John Bracewell
Douglas Linford Freeman
Douglas John Insole
Douglas Anthony Marillier
Douglas James Meintjes
Douglas Ernest Vernon Padgett
Douglas Thomas Ring
Kevin Douglas Walters
Douglas Vivian Parson Wright
Douglas Robert Brown
Douglas Ross Lockhart
Douglas Ward Carr
Douglas Tafadzwa Hondo
Douglas Robert Jardine
Arthur Dudley Nourse
Louis Rohan Duleep Mendis
Dulip Kapila Liyanage
Dulip Prasanna Samaraweera
Duncan Ian Allan
Duncan Andrew Gwynne Fletcher
Duncan Albert Sharpe
Durand Soraine
Dwayne John Bravo
Russell Dwayne Mark Leverock
Dwayne Romel Smith
Dwight Martin Basden
Dwight Marlon Washington
Erapalli Anatharao Srinivas Prasanna
Easton Dudley Ashton St John McMorris
Ebrahim Ali Essop-Adam
Mohammad Ebrahim Zainuddin Ghazali
Ebrahim Suleman Maka
Edward James McKenzie Cowan
Edward Simon Hunter Giddins
Edmund Christopher Joyce
Edward Thomas Smith
Edgar John Barlow
Edward William Dawson
Edward Russell Henry Fuller
Edward Ernest Hemmings
Edric Leadbeater
Edwin George McLeod
Edward Paynter
Edward James Richardson
Eddo André Brandes
Edgar Richard Mayne
Edgar Schiferli
Edmund Peate
Edward Charles Rainsford
Edward Ferdinando Sutton Tylecote
Edward Alexander van der Merwe
Edwin Evans
Edwin Lloyd St Hill
Ehsan Adil
Ehsan Nawaz
Ehsanul Haque
Ehteshamuddin
Eion Katchay
Eknath Dhondu Solkar
Eldine Ashworth Elderfield Baptiste
Mohammad Elias Sunny
Elijah Otieno Asoyo
Elquemedo Tonito Willett
Elton Chigumbura
Edward Mills Grace
Joseph Emile Patrick McMaster
Emmanuel Bundi Ringera
Enamul Haque
Eoin Joseph Gerard Morgan
Eric St Eval Atkinson
Eric Londesbrough Dalton
Eric Quail Davies
Eric William Dempster
Frederick Eric Fisher
Eric Walter Freeman
Eric Laurentius Gouka
William Eric Hollies
Waldemar Frederick Eric Marx
Eric Charlton Petrie
Eric Alfred Burchell Rowan
William Eric Russell
Eric Owen Simons
Eric Stefan Szwarczynski
Eric William Thomas Tindill
Kalutarage Eric Amila Upashantha
Ernest George Bock
Ernest Harvey Bromley
Ernest Austin Halliwell
George Ernest Tyldesley
Ernest George Hayes
Ernest Jones
Ernest Leslie McCormick
Ernest Raymond Herbert Toshack
Albert Edward Ernest Vogler
Errol Reginald Thorold Holmes
Errol Ashton Clairmore Hunte
Errol Leslie Rae Stewart
Ervin Bruce McSweeney
Esmond Seymour Maurice Kentish
Esuan Asqui Crandon
George Eugene Palmer
Evan John Gray
Everton Zvikomborero Matambanadzo
Everton Hugh Mattis
Everton de Courcy Weekes
Evin Lewis
William Ewart Astill
Ewen John Chatfield
Ewen Paul Thompson
Ezra Alphonsa Moseley
Francois du Plessis
Fahad Afdhal Alhashmi
Fahad Usman Khan
Fahim Muntasir Rahman
Faisal Athar
Faisal Hossain
Faisal Iqbal
Faizan Asif
Petrus Stephanus de Villiers
Sheik Faoud Ahamul Fasiel Bacchus
Farhaan Behardien
Farhad Reza
Mohammad Farhan Adil
Farokh Manecksha Engineer
Farooq Hameed
Farrukh Zaman
Faruk Ahmed
Mohamed Farveez Maharoof
Charles Stowell Marriott
Fawad Ahmed Khan
Fawad Alam
Fayyaz Ahmed
Fazal Mahmood
Sheikh Fazal-ur-Rehman
Abdul Fazil Sattaur
Fazl-e-Akbar Durrani
Jan Feiko Kloppenburg
George Fenwick Cresswell
Fidel Henderson Edwards
Fiqre Salassie Crockwell
Lawrence Anderson Markham
Goniamalimage Jude Anthony Flavian Aponso
Jacobus Francois du Toit
Floris Jansen
Floyd Lamonte Reifer
Ernest Albert Vivian Williams
Forster Mutizwa
Francis Gilbertson Justice Ford
Francis Alexander MacKinnon
Francis Otieno Ndege
Francis Erskine Allan
Francis James Cameron
Francis Ignatius de Caires
Norman Frank Druce
Frank Rowbotham Foster
Frank Charles Hayes
Frank Hearne
Frank Adams Iredale
Frank McDonald King
Frank Jonas Laver
Frank Anderson Lowson
Francis Thomas Mann
Frank Reginald Martin
Frank William Milligan
Francis Michael Misson
Frank Mitchell
Francis Leonard Hugh Mooney
Frank Nicholson
Frank Penn
Thomas Francis Smailes
Frank Howe Sugg
Frank Holmes Tyson
Francis Henry Walters
Francis Anthony Ward
Frank Edward Woolley
Frank Mortimer Maglinne Worrell
Franklyn Anthony Dennis
Franklyn Albert Rose
Frasat Ali Mughal
David Fraser Watts
Alfred Harry Bakewell
Fred Barratt
Frederick Alfred William Freer
George Frederick Grace
Frederick Louis le Roux
Frederick Morley
Wilfred Frederick Frank Price
Frederick Ridgway
Charles Frederick Root
Frederick Edward Rumsey
Frederick William Smith
Frederick Robert Spofforth
Manfred John Susskind
Frederick William Tate
Frederick John Titmus
Frederick Sewards Trueman
Frederick Richard Brown
Frederick Somerset Gough Calthorpe
Frederick Robert John Coleman
Frederick John Burton
Frederick James Cook
Frederick Luther Fane
Frederick Kuys
Frederick Martin
Friday Kasteni
Friedel de Wet
Gagan Kishanlal Khoda
Kahawalage Gamini Perera
Anguppulige Gamini Dayantha Wickremasinghe
Ganesh Mylvaganam
Gareth Jon Batty
Gareth Rohan Breese
Gareth James Hopkins
Garey Earl Mathurin
Garnett John-Peter Kruger
Garfield St Aubrun Sobers
Graham Douglas McKenzie
Gary Simon Ballance
Gary Alex Bartlett
Gary Bazil Brent
Gary John Cosier
Gary John Crocker
Gary John Gilmour
Gary Edward Kidd
Gary Kirsten
Gary Christopher Martin
Gary David Putland
Gary Keith Robertson
Gary Raymond Stead
Gary Bertram Troup
Gary Craig Wilson
Gautam Gambhir
Gavin Aubrey Briant
Gavin Mackie Ewing
Gavin Mark Hamilton
Gavin Rolf Larsen
Gavin Bryan Murgatroyd
Gavin James Rennie
Gavin Ron Robertson
Gavin Byron Stevens
Gavin Courtney Tonge
Wijekoon Mudiyanselage Gayan Ramyakumara
Gazi Ashraf Hossain
Geert-Maarten C Mol
Geffery Noblet
Geoffrey Ian Allott
Geoffrey Graham Arnold
Geoffrey Edward Fulton Barnett
Geoffrey Walter Ashton Chubb
Geoffrey Cook
Geoffrey Alan Cope
Geoffrey Dymock
Geoffrey Alan Greenidge
Geoffrey Merton Griffin
Geoffrey Philip Howarth
Geoffrey William Humpage
Geoffrey Francis Lawson
Geoffrey Robert Marsh
Geoffrey Miller
Geoffrey Millman
Geoffrey Pullar
Geoffrey Osborne Rabone
Geoffrey Boycott
Geoffrey Bevington Legge
George Alexander
George John Bailey
George Bean
George Finlay Bissett
George John Bonnor
George Brown
George McDonald Carew
George Challenor
George Ricardo Codrington
George Coulthard
George Ritchie Dickinson
George Henry Dockrell
George Duckworth
George Malcolm Emmett
George Nathaniel Francis
George Murray Fullerton
George Geary
George Giffen
George Gladstone Morais
George Keyworth Glover
George Gunn
George Alphonso Headley
George Gibbons Hearne
George Herbert Hirst
George Alfred Lohmann
George Gibson Macaulay
Francis George Mann
Patrick George McShane
George Horatio Mudie
George Hubert O'Brien
George Alfred Edward Paine
George Macdonald Parker
George Henry Pope
George Alexander Rowe
George Salmond
George Harold Shepstone
George Hayward Thomas Simpson-Hayward
George Benjamin Street
George Brown Studd
George Lancelot Tapscott
George Joseph Thompson
George Ronald Thoms
George Thornton
George Edward Tribe
George Ulyett
George Frederick Vernon
George Edward Charles Wood
George Herrick Worker
Geraint Owen Jones
Gerald Edward Bond
Gerald Patrick Desmond Hartigan
Gerald Edward Peckover
Gerald Arthur Smithson
Gerhardus Frederick Johannes Liebenberg
Gerrie Snyman
Franz Copeland Murray Alexander
Gerald Ethridge Gomez
Gervys Rignold Hazlitt
Ghulam Abbas
Ghulam Ahmed
Ghulam Ali Ansari
Ghulam Mustafa Guard
Ghulam Ahmed Parkar
Henry Gifford Vivian
Rupasinghe Jayawardene Mudiyanselage Gihan Madushanka Rupasinghe
Gilbert Roche Andrews Langley
Gilbert Laird Jessop
William Gilbert Anthony Parkhouse
Gladstone Cleophas Small
Glen Keith Bruk-Jackson
Glen Chapple
Glen Gordon Hall
Glen Paul Sulzberger
Glendon Lionel Gibbs
Glenn Andrew Bishop
Glenn Blakeney
Glenn James Maxwell
Glenn Donald McGrath
Glenn Alan Rogers
Glenn Samuel Trimble
Glenn Maitland Turner
Glenroy Ricardo Sealy
William Hare Ashley
Godfrey Cripps
Thomas Godfrey Evans
Godfrey Bernard Lawrence
Gogumal Kishenchand Harisinghani
Golam Faruq Chowdhury
Golam Mohammad Nousher
Gopal Krishna Bose
Gopal Sharma
Gordon David Drummond
Gordon Goudie
Cuthbert Gordon Greenidge
John Gordon Leggat
Gordon Frederick Rorke
Charles Gordon Rowe
Gordon Charles White
Graeme William Aldridge
Graeme Robert Beard
Alexander Graeme Cremer
Graeme Fowler
Graeme Ashley Hick
Graeme Blake Hole
Graeme Fredrick Labrooy
Robert Graeme Pollock
Graeme David Porter
Graeme Craig Smith
Graeme Peter Swann
Graeme Donald Watson
Graeme Malcolm Wood
Graham Derek Barlow
Graham Roy Dilley
Graham Thorne Dowling
Sidney Graham Gedye
Graham Alan Gooch
Graham David Lloyd
Graham Allan Manou
Graham Onions
Graham Richard James Roope
Graham Barry Stevenson
Graham Paul Thorpe
Graham Ellery Vivian
Graham Neil Yallop
Grahame Paul Bilby
Grahame Anton Chevalier
Grahame Edward Corling
Grahame Thomas
Grant Eric Bradburn
Grant David Elliott
Grant William Flower
Grant Andrew Paterson
Granville Nissanka de Silva
Grayson Cleophas Shillingford
Gregory Scott Blewett
Gregory Dale Campbell
Gregory Stephen Chappell
Gregory Charles Dyer
Gregory Arthur Lamb
Greg Riaka Loveridge
Gregory Richard John Matthews
Gregory Michael Ritchie
John Gregory Thomas
Greg James Thompson
Gregor MacGregor
Gregor Ian Maiden
Gregory Mark Strydom
John Greig Williamson
Greville Thomas Scott Stevens
George Oswald Browning Allen
Gul Mohammad
Gulabrai Sipahimalani Ramchand
Gulam Hussain Bodi
Gulbadeen Naib
Gundappa Rangnath Viswanath
Gundibail Rama Sunderam
Gurdeep Singh
Gursharan Singh
Gustav Adolph Kempis
Augustine Lawrence Logie
Ronald Guy de Alwis
Guy William Fitzroy Overton
Guy James Whittall
Gyanendra Malla
Gyanendrakumar Kedarnath Pandey
Haafiz Shahid Yaqoob
Qazi Habibul Bashar
Hamid Hassan
Hamilton Masakadza
Hamish Arbeb Gervais Anthony
Hamish Kyle Bennett
Hamish John William Gardiner
Hamish John Hamilton Marshall
Hamish Duncan Rutherford
Hammad Azam
Hammond Allan Furlonge
Hampden Stanley Bray Love
Amir Hamza Hotak
Hamza Tariq
Hanif Mohammad
Haninder Singh Dhillon
Abdul Hannan Sarkar
Hans Irvine Ebeling
Wessel Johannes Cronje
Hanumant Singh
Harbhajan Singh
Harilal Raishi Shah
Haris Sohail
Harold Vane Baumgartner
Harold James Butler
Alfred Herbert Harold Gilligan
Harold Gimblett
Harold Larwood
Harold James Rhodes
Haroon Rasheed Dar
Harry Houston Alexander
Henry Frederick Boyle
Harry Dudley Bromfield
Henry Rigden Butt
Henry Butler Cave
Harry Dean
Henry Donnan
Harry Elliott
Henry Graham
Harry Frederick Gurney
Henry Howell
Henry William Lee
Joseph William Henry Makepeace
Henry Moses
Henry Alfred Musgrove
Harry Smith
George Henry Stevens Trott
Henry Wood
Mohammad Harunur Rashid
Harvinder Singh
Harvir Singh Baidwan
Hasan Durham
Hasan Jamil Alvi
Hasan Raza
Kandage Hasantha Ruwan Kumara Fernando
Haseeb Ahsan
Haseeb Amjad
Hashan Prasantha Tillakaratne
Hashim Mahomed Amla
Hashmatullah Shahidi
Mohammad Hasibul Hossain
Hasti Gul Abid
Headley James Keith
Heath Te-Ihi-O-Te-Rangi Davis
Heath Hilton Streak
Hedley John Howarth
Hedley Verity
Heino Gunther Kuhn
Hemang Kamal Badani
Hemant Shamsunder Kanitkar
Jayawardene Welathanthrige Hemantha Devapriya Boteju
Ranasinghe Pattikirikoralalage Aruna Hemantha Wickramaratne
Hemchandra Ramachandra Adhikari
Hendrik-Jan Christiaan Mol
Henderson Ricardo Bryan
Henry Rupert James Charlwood
Henry Davids
Henry Foley
Henry Jupp
Henry Khaaba Olonga
Henry Osinde
Henry James Herbert Scott
Henry Melville Taberer
Henry Smith Williams
Herbert Mendelson McGirr
Herbert Samuel Chang
Herbert Sutcliffe
Herbert Leslie Collins
Herbert Wilfred Taylor
Herbert Frederick Wade
Herman Clarence Griffith
Herschelle Herman Gibbs
Hophnie Hobah Hines Johnson
Hiral Patel
Hiralal Ghasulal Gaekwad
Hiren Ashok Varaiya
Hitesh Subhash Modi
William Howard Vincent Levett
Holcombe Douglas Read
Horace William Chapman
Howard Henry Francis
Howard Ray Johnson
Hrishikesh Hemant Kanitkar
George Hubert Graham Doggart
Hugh Richard Bromley-Davenport
Hugh Hamon Massie
Hugh Morris
Hugh Joseph Tayfield
Hugh Trumble
Humayun Farhat
Khaled Hussain Butt
Hylton Deon Ackerman
Hylton Philipson
Iain Peter Butchart
Iain Edward O'Brien
Iain Lindsay Philip
Iain Wardlaw
Ian Basil Alston Allen
Ian David Austin
Ian Ronald Bell
Ian Shaw Billcliff
Ian Raphael Bishop
Ian David Blackwell
Ian Terence Botham
Ian David Russell Bradshaw
Ian Gareth Butler
Ian Wayne Callen
Ian Michael Chappell
Ian Alexander Colquhoun
Ian David Craig
Ian Burns Cromb
Ian Charles Davis
Ian James Gould
Ian Alexander Greig
Ian Joseph Harvey
Ian Andrew Healy
Ian William Geddes Johnson
Ian Bruce Leggat
Ian Meckiff
Ian Alan Nicolson
Ian Alexander Ross Peebles
Ian Ritchie Redpath
Ian David Kenneth Salisbury
Ian McKay Sinclair
Ian David Stockley Smith
Ian Michael Stanger
Norman Ian Thomson
Ian James Ward
Iftikhar Ali Khan
Rao Iftikhar Anjum
Ijaz Ahmed
Mohammed Ijaz Butt
Ijaz Faqih
Mohammad Ilyas Gul
Imraan Khan
Imran Abbas
Imran Farhat
Imran Khan Niazi
Imran Nazir
Mohammad Imran Tahir
Imrul Kayes
Imtiaz Abbasi
Imtiaz Ahmed
Imtiaz Ali
Indika Prabath Priyankara Batuwitarachchi
Samantha Indika de Saram
Indika Sanjeewa Gallage
Inshan Ali
Intikhab Alam Khan
Inzamam-ul-Haq
Mohammad Iqbal Qasim
Iqbal Rashid Siddiqui
Mohammad Iqbal Sikander
Irfan Ahmed
Irfan Ahsan Kaleem Bhatti
Mohammad Irfan Fazil
Irfan Ali Karim
Irfan Khan Pathan
Irfan Sajid
Irvine Theodore Shillingford
Irving Howard Romaine
Inderbir Singh Sodhi
Ishant Sharma
Merenna Koralage Don Ishara Amerasinghe
Ishwar Maraj
Ishwar Chand Pandey
Israr Ali
Isuru Udana Tillakaratna
Ivanhoe Mordecai Barrow
Ivan Samuel Madray
Ivo Francis Walter Bligh
Ivor Leon Mendonca
Isaac Daniel Buys
Izatullah Dawlatzai
John Chaloner Alabaster
Clayvel Lindsay Badcock
John Edward Barrett
Jackson Munro Bird
Jack Birkenshaw
John McCarthy Blackham
John Henry Board
John Erskine Cheetham
John Cowie
John Frederick Crapp
John Neville Crawford
John William D'Arcy
John Angus Dunning
Frederick John Durston
John Dunlop Edwards
John Henry Webb Fingleton
John Alfred Flavell
Jack Morrison Gregory
John Thomas Hearne
Jack Gunner Heron
John Charles Hill
John Berry Hobbs
John Iddon
John Thomas Ikin
John Brian Iverson
John Lambert Kerr
John Crawford William MacBryan
John William Martin
John Richard Mason
John Ernest Mills
John Moroney
John Desmond Nel
Jack Newman
Homesdale Carl Nitschke
Jack Mollinson Noreiga
John Denis Alphonsus O'Connor
Jack Bruce Plimsoll
Clifton James Richards
John Benjamin Robertson
Charles Albert George Russell
John Walter Rutherford
John Ryder
John Victor Saunders
John Samuel Sharp
Ivan Julian Siedle
John Cornish White
John William Wilson
John Worrall
John Albert Young
James Thomas Botten
John Harcourt du Preez
George Copeland Grant
John Leslie Hendriks
Derrick John McGlew
Jacob Joseph Martin
Jacob David Philip Oram
Jacob-Jan Esmeijer
Randall Jacobi Robinson
Jacobus Petrus Duminy
Jacques du Toit
Jacques Henry Kallis
Jacobus Andries Rudolph
Jadhavji Shah Jesani
Jade Winston Dernbach
Jahangir Alam
Mohammad Jahangir Alam Talukdar
Mohammad Jahangir Khan
Jahangir Shah
Mohammad Jahurul Islam
Jake Andy Haberfield
Jalaluddin
Jamaluddin Ahmed
James Henry Kenneth Adams
James Michael Anderson
James Edward Brinkley
James Joseph Celestine
James Cranston
James Peter Faulkner
James Savin Foster
James Edward Charles Franklin
James Douglas Hall
James Charles Hildreth
James Redfern Hopes
James Joseph Kelly
Robert James Kirtley
James Langridge
James Lillywhite
James Andrew Hamilton Marshall
James Michael McMillan
James Matthew Muirhead
James Montague Neblett
James Otieno Ngoche
James Ormond
James Horace Parks
James Lee Pattinson
James Norman Knight Shannon
James Southerton
James William Arthur Taylor
James Cullum Tredwell
James Michael Vince
John James Whitaker
James John Atkinson
James William Murray Dalrymple
Jamie Michael How
James Darren Siddons
Jan Hendrik Stander
Andries Johannes Burger
Janak Champika Gamage
Janardan Gyanoba Navle
Janeiro J Tucker
Jason Edward Riche Gallian
Jason Neil Gillespie
Jason Omar Holder
Jason John Krejza
Jason Nazimuddin Mohammed
Jason Patraj
Jasubhai Motibhai Patel
Jaswick Ossie Taylor
Jatin Vasudev Paranjpe
Javagal Srinath
Mohammad Javed Ahmadi
Javed Akhtar
Javed Burki
Mohammad Javed Miandad Khan
Mohammad Javed Omar Belim
Javed Qadeer
Jawad Jaffar Dawood
Jawahir Nathoo Shah
Kahakatchchi Patabandige Jayananda Warnaweera
Amerasinghe Mudalige Jayantha Gamini Amerasinghe
Kelaniyage Jayantha Silva
Jaysinhrao Mansinhrao Ghorpade
Jaydev Dipakbhai Unadkat
Jeetan Shashi Patel
Balapuwaduge Manukulasuriya Amith Jeewan Mendis
Hettiarachchi Gamage Jeevantha Mahesh Kulatunga
Jeffrey John Crowe
Peter Jeffrey Leroy Dujon
Jeffrey Robert Hammond
Ivor Jeffrey Jones
Jeffrey Kenneth Moss
Jeffrey Robert Thomson
Jeffrey William Wilson
Jeffrey Baxter Stollmeyer
Jehan Mubarak
Jekon Edness
Jelte D Schoonheim
Jamshed Khudadad Irani
Jeremy Paul Bray
Jeremy Vernon Coney
Jeremy Oliver Alistair Gordon
Jeremy Nicholas Snape
Jermaine Blackwood
Jermaine Jay Charles Lawson
Jeroen Smits
Jerome Everton Taylor
Jesse Daniel Ryder
Jigar Kumar Hakumatrai Naik
Jignesh Harshadrai Desai
James Wallace Burke
James Alexander Joseph Christy
James Harry de Courcy
James Donald Higgs
James Charles Laker
James Derek Love
James Edward McConnon
James Michael Parks
James Edward Pothecary
James Morton Sims
James Slight
Cedric Ivan James Smith
Jamie Oliver Troughton
James Clive Adams
James Graham Binks
James Manuel Blanckenberg
Francis James Cameron
Stephen James Cook
Amarbir Singh Hansra
James Kabatha Kamande
James Patrick Maher
Thomas James Matthews
James Douglas Sheehan Neesham
James Hugh Sinclair
Jitendra Kumar Mukhiya
Jitendra Motibhai Patel
John James Ferris
Jo Angel
Horace Brakenridge Cameron
Graham Neil Edwards
John Cabourn Hartley
Joseph Lovell Cox
Joseph Darling
Joseph Liam Denly
Joe Stephen Gatting
Joseph Hardstaff
Joseph Hardstaff
Joseph Humphries
Joseph Titus Partridge
Joseph Edward Root
Joseph A Small
Joseph Stanislaus Solomon
Joseph Patrick Francis Travers
Joel Garner
Joel Samuel Paris
Joseph Emmanuel Benjamin
Michael Conrad Carew
Jofra Chioke Archer
Joginder Sharma
Johan Botha
Johannes Jacobus van der Wath
Johann Louw
Johanne Abeyratne Samarasekera
Johannes Jacobus Kotze
John Edward Francis Beck
John Benaud
John Angus Rae Blain
John Garry Bracewell
John Thomas Brown
John Hemsley Cameron
John Henry Childs
John Alexander Kennedy Cochran
John Brian Commins
John Thomas Cottam
John Paul Crawley
John Michael Davison
John Gordon Dewes
John Dyson
John Hugh Edrich
John Ernest Emburey
Alfred John Evans
John Fulton Reid
John William Gleeson
John Douglas Claude Goddard
John Richmond Gunn
John William Guy
John Harry Hampshire
John Harry
John Wayne Hastings
John Robart Hodges
John Kenneth Constantine Holt
Robert John Inverarity
John Alexander Jameson
John Herbert King
John Kenneth Lever
John James Lyons
John Alexander Maclean
John Norman Maguire
John McIlwraith
John William McLaren
John Francis Mooney
John Edward Morris
John Francis MacLean Morrison
John Brian Mortimore
John Thomas Murray
John Nagenda
John Fairless William Nicolson
John Morton Parker
John Sidney Ernest Price
John Cole Reedman
John Alexander Rennie
John Richard Reid
John Selby
John William Sharpe
John Neil Shepherd
John Shuter
John Augustine Snow
John Trevor Sparling
John Patrick Stephenson
Athanasios John Traicos
John Trim
John William Trumble
John Nugent Valentine
John Cecil Beaumont Vaughan
John Henry Bickford Waite
John Thomas Ward
John James Warr
John Cecil Watkins
John Geoffrey Wright
John Charles Clay
John Arnold
John Briggs
John William Henry Tyler Douglas
John Arthur Hayes
John Dixon Lindsay
John Wesley Martin
John Morris Taylor
John Thomas Tyldesley
John Henry Wardle
Johnson Charles
Jonathan Philip Agnew
Jonathan Mark Holland
Jon Carter Kent
Jonathan Lewis
Jonathan Marc Bairstow
Jonathan Payn Fellows-Smith
Jonathan Alexander Foo
Jonathan Paul Millmow
Ian Jonathan Leonard Trott
Jonathan Neil Rhodes
Joseph Charles Buttler
Joseph Oduol Angara
Joseph Vikram Harris
Joseph Hunter
Joseph Vine
Joseph Thomas Willoughby
Josephat Ababu Sorongo
Joshua Henry Davey
Josh Reginald Hazlewood
Joshua James Cobb
Jean-Paul Duminy
Jai Prakash Yadav
Juan Theron
Jubair Hossain
Julien Mark Wiener
Mohammad Junaid Khan
Mohammad Junaid Siddique
Junaid Siddiqui
Junaid Zia
Junior Randalph Murray
Justin Miles Kemp
Justin Lee Langer
Justin Lee Ontong
Justin Thomas Caldwell Vaughan
Kabir Ali
Mohammad Kabir Khan
Kagiso Rabada
Kalpesh Ashok Patel
Kamran Akmal
Mohammad Kamran Hussain
Kane William Richardson
Kane Stuart Williamson
Kanwar Rai Singh
Kapil Dev Ramlal Nikhanj
Kapila Indaka Weerakkody Wijegunawardene
Karate Krishnachandran
Karim Sadiq Khan
Robert Karl Nunes
Karl Whatham
Karn Vinod Sharma
Karsan Devjibhai Ghavri
Karun Jethi
Karun Kaladharan Nair
Kashif Raza
Kaushal Samaraweera Lokuarachchi
Jayan Kaushal Silva
Kaushalya Weeraratne
Kaushik Naginda Amalean
Khanmohammad Cassumbhoy Ibrahim
KC Karan
Kedar Mahadeo Jadhav
Keegan Orry Meth
Sirimewan Keerthi Ranasinghe
Keith Vincent Andrew
Keith Lloyd Thomas Arthurton
Keith David Boyce
Keith Mbusi Dabengwa
Keith William Robert Fletcher
Keith Ross Miller
Keith Edward Rigg
Keith Fitzpatrick Semple
Keith Nichol Slater
Keith Raymond Stackpole
Keith Thomson
Keki Khurshedji Tarapore
Michael Arthur Seymour
Kemar Andre Jamal Roach
Kenneth Alan Archer
Kenneth Frank Barrington
Kenneth Cranston
Kenneth Humphrey Eastwood
Kenneth Farnes
Kenneth James Funston
Kenneth Higgs
Kenneth William Hough
Kenneth Cecil James
Kenneth Donald Mackay
Kenneth Hervey MacLeay
Kenneth Douglas Meuleman
Kenneth Ernest Palmer
Kenneth Robert Rutherford
Kenneth Shuttleworth
Kenneth Taylor
Kenneth George Viljoen
Kenneth John Wadsworth
Kenneth Leslie Wishart
Hirji Kenia Jayantilal
Kennedy Otieno Obuya
Kenneth Lotherington Hutchings
Kenneth Kamyuka
Kenneth Roy Rickards
Kenneth Alexander Walter
Kenneth Hunnell Weekes
Kenneth Charlie Griffith Benjamin
Edwin James Kenneth Burn
Kenneth Edward Desmond Carroll
Kepler Christoffel Wessels
Kerry Clifford Bryan Jeremy
Kerry James O'Keeffe
Kerry Peter Walmsley
Kevin John Arnott
Kevin Malcolm Curran
Kevin Gary Duers
Kevin Andre Dean Hurdle
Kevin Joseph O'Brien
Kevin Talvinder Sandher
Kevin John Wright
Kevon Keston Cooper
Khaled Mahmud
Khaled Mashud
Khalid Hasan
Khalid Khan
Khalid Latif
Syed Khalid Wazir
Khaliq Dad Noori
Khan Mohammad
Khanderao Moreshwar Rangnekar
Khershedji Rustomji Meherhomji
Probir Kumar Sen
Khurram Rasheed Chauhan
Khurram Khan
Khurram Manzoor
Kieran Noema-Barnett
Kieran Omar Akeem Powell
Kieron Adrian Pollard
Kim John Barnett
Michael Kelsey Elgie
Kimberley John Hughes
Kiran Shankar More
Kirk Anton Edwards
Kirtivardhan Bhagwat Jha Azad
Kasun Disi Kithuruwan Vithanage
Klaas-Jan Jeroen van Noortwijk
Chamith Kosala Bandara Kulasekara
Ajith Kosala Kuruppuarachchi
Kraigg Clairmonte Brathwaite
Amritsar Govindsingh Kripal Singh
Krishmar Santokie
Krishnamachari Srikkanth
Cornelius Francoius Kruger van Wyk
Kumar Shri Duleepsinhji
Kumar Shri Madhavsinhji Jadeja Indrajitsinhji
Kumar Shri Ranjitsinhji
Kuldeep Yadav
Handunnettige Deepthi Priyantha Kumar Dharmasena
Kumar Chokshanada Sangakkara
Mathurage Don Kusal Janith Perera
Kwame Leval Tucker
Kyle John Abbott
Kyle James Coetzer
Kyle Christopher Hodsoll
Kyle Malcolm Jarvis
William Kyle McCallan
Kyle David Mills
Ladhabhai Nakum Ramji
Hettige Don Rumesh Lahiru Thirimanne
Lakshmipathy Balaji
Nanik Amarnath Bhardwaj
Lalchand Sitaram Rajput
Lalith Wasantha Silva Kaluperuma
Thewarathantrige Lalithamana Fernando
Lall Singh
Lameck Onyango Ngoche
Bernard Lance Cairns
Lancelot Richard Gibbs
Lance John Hamilton
Lance Klusener
Lancelot Richard Pierre
Sanjeewa Kumara Lanka de Silva
Hilary Angelo Gomes
Separamadu Lasith Malinga Swarnajith
Laurence Barnard Fishlock
Lawrence Charles Mayne
Laurence John Nash
Laurie Rohan Williams
Lawrence George Rowe
Lawrence Somerville Martin Miller
Laxman Sivaramakrishnan
Laxmi Ratan Shukla
Learie Nicholas Constantine
Arthur James Ledger Hill
Lee Kenneth Germon
Brian Lee Irvine
Leland Hone
Leonard Baichan
Leonard Charles Braund
Leonard Arthur Butterfield
Leonard John Coldwell
Leonard Stuart Darling
John Leonard Hopwood
Leonard Hutton
Leonard Joseph Johnson
Leonard Victor Maddocks
Leonard Stephen Pascoe
Thomas Leonard Richmond
Lindsay Richard Tuckett
Leonard Litton Wilkinson
Lendl Mark Platter Simmons
Jan Leonardus Louw
Lennox Sidney Brown
Lennox Joseph Cush
Leo Patrick Joseph O'Brien
Leon Vivian Garrick
Leon Rayon Johnson
Leon Constantine Romero
Leonard James Moon
Leslie Ethelbert George Ames
Leslie Ernest Favell
Herbert Leslie Jackson
Leslie Ronald Joslin
Leslie Brian Taylor
Leslie Fletcher Townsend
Leslie Watt
Lesley Willem Stokkers
Leslie Hewitt Gay
Leslie George Hylton
Leslie Arthur Walcott
George Leslie Wight
Lester Anthony King
Lewis Gregory
Liam Andrew Dawson
Liam Edward Plunkett
Liaqat Ali Khan
Lincoln Abraham Roberts
Arthur Lindsay Hassett
Lindsay Francis Kline
Lindsay Thomas Delville Tuckett
Gordon Lindsay Weir
Lionel Sionne Baker
Lionel Sydney Birkett
Lionel Olvin Bernard Cann
Lionel Charles Hamilton Palairet
Lionel Eric Tapscott
Lisle Ernest Nagel
Liton Kumar Das
Llorne Gregory Howell
Lachlan Hammond Ferguson
Logan Verjus van Beek
Lonwabo Lennox Tsotsobe
Lungile Edgar Bosman
George Robert Canning Harris
Martin Bladen Hawke
Lionel Hallam Tennyson
Lou Vincent
Louis Jacobus Burger
Louis Johannes Koen
Henry Louis Ernest Promnitz
Louis Anthony Stricker
Louis Joseph Tancred
Laxmidas Purshottamdas Jai
Lucas Oluoch Ndandason
Luke Anthony Pomersbach
Luke Ronchi
Luke James Woodcock
Luke James Wright
Lucas Petrus van Troost
William McDougall Anderson
Madan Lal Udhouram Sharma
Madhavrao Laxmanrao Apte
Madhusudan Ramachandra Rege
Mafizur Rahman
Mahbubul Alam
Mahbubur Rahman
Denagamage Proboth Mahela de Silva Jayawardene
Mahela Lakmal Udawatte
Mahendra Veeren Nagamootoo
Mahendra Singh Dhoni
Hettiarachige Mahes Goonatilleke
Mahmood Hamid
Mahmood Hussain
Mohammad Mahmudullah
Christopher Maitland Howard Hathorn
Rana Majid Haq Khan
Majid Jahangir Khan
Major William Booth
Makhaya Ntini
Malachy Bernard Loye
Alexander Malcolm Matheson
Malachi Olin Jones
Malcolm Jameson Hilton
Malcolm Peter Jarvis
Malcolm Denzil Marshall
Malcolm Noel Waller
Malhar Lalji Patel
Basnayake Shalith Malinda Warnapura
Herath Mudiyanselage Charitha Malinga Bandara
Man Mohan Sood
Manan Vohra
Mandy Yachad
Mangesh Panchal
Maninder Singh
Asanka Manjula Guruge
Arachchige Manjula Nishantha Munasinghe
Mohammad Manjural Islam
Maninderjit Singh Aulakh
Emmanuel Alfred Martindale
Manohar Shankar Hardikar
Manoj Cheruparambil
Ramesh Randeer David
Manoj Prabhakar
Manoj Kumar Tiwary
Manpreet Singh Gony
Manprit Charanjit Juneja
Mansoor Akhtar
Mansoor Amjad
Mansoor Rana
Mansur Ali Khan
Sudangsu Abinash Banerjee
Manzoor Akhtar
Manzoor Elahi
Maqsood Ahmed
Maqsood Rana
Marc John Petrie
Marcelis Michael Catharinus Schewe
Marchant de Lange
Marcus James North
Marcus Edward Trescothick
Margashayam Venkataramana
Mark Wayne Alleyne
Mark David Bailey
Mark Richard Benson
Mark Verdon Boucher
Mark Gordon Burgess
Mark Greville Burmester
Mark Alan Butcher
Mark Sinclair Chapman
Mark James Cosgrove
Mark Donald Craig
Mark Hamilton Dekker
Mark William Douglas
Mark Alan Ealham
Mark Raymond Gillespie
Mark John Greatbatch
Mark James Haslam
Mark Christopher Ilott
Mark Rickland Johnson
Mark Benjamin Sebastiaan Jonkman
Mark Nicholas Lathwell
Mark Wellings Priest
Mark Ravin Ramprakash
Mark Hunter Richardson
Mark Weir Rushmere
Mark Anthony Taylor
Mark Andrew Vermeulen
Mark Edward Waugh
Mark Andrew Wood
Marlon Ian Black
Marlon Nathaniel Samuels
Dudley Marlon Vonhagt
Mohammad Marshall Ayub
Martin Paul Bicknell
Martin David Crowe
Martin Paterson Donnelly
Martin James Guptill
Martin Andrew Hanley
Martin John Horton
Martin Francis Kent
Martin Lloyd Love
Martin John McCague
Martin John Saggers
Martin Colin Snedden
Martin Peter Stead
Martin Armon Suji
Martin van Jaarsveld
Martyn Douglas Moxon
Marvan Samson Atapattu
Mashrafe Bin Mortaza
Masood Anwar
Masood Iqbal Qureshi
Mathew Stuart Sinclair
Matthew Henderson
Matthew James Henry
Matthew Jeffery Horne
Matthew William Machan
Matthew James Nicholson
Matt Beresford Poore
Matthew James Prior
Matthew David Bell
Matthew Henry Cross
Matthew Thomas Gray Elliott
Matthew Valentine Fleming
Matthew Norman Hart
Matthew Lawrence Hayden
Matthew James Hoggard
Matthew Peter Maynard
Matthew Archibald Parker
Matthew Scott Wade
Matthew David John Walker
Maurice James Carrick Allom
Maurius Pacheco Fernandes
Maurice Linton Churchill Foster
Morris Leyland
Maurice Omondi Odumbe
John Maurice Read
Maurice William Tate
Maurice Fletcher Tremlett
Maurice Joseph Lawson Turnbull
Maurits Maarten Alexander Jonkman
Maurits William Albert van Nierop
Max Christian Sorensen
Maxwell Henry Norman Walker
Max Thomas Charles Waller
Sheikh Mazhar Hussain
Mohammad Mazharul Haque Chowdhuri
Mehmood Quaraishy
Melt van Schoor
Mervyn Roye Harvey
Mervyn Gregory Hughes
Walter Mervyn Wallace
Mervyn Dillon
Mervyn George Grell
Mervyn George Waite
Hemal Sri Mevan Pieris
Meyrick Wayne Pringle
Mfuneko Ngam
Michael Andrew Atherton
Michael David Bates
Michael Anthony Beer
Michael Gwyl Bevan
Michael Gordon Bracewell
Michael Alexander Carberry
Michael Tawanda Chinouya
Michael John Clarke
Michael James Di Venuto
Michael Campbell Frederick
Michael Anthony Holding
Michael Edward Killeen Hussey
Michael Scott Kasprowicz
Michael Klinger
Michael Alexander Leask
Michael John Lumb
Michael James Mason
Michael Barry Owens
Michael Hugh William Papps
Michael James Gratton Rippon
Michael Jonathon Slater
Michael John Smith
Michael Richard Swart
Michael Hugh Tissera
Michael Graydon Vandort
Michael Paul Vaughan
Michael Howard Yardy
John McIllwaine Moore Commaille
Michael Llewellyn Lewis
Michael Francis Malone
Michael George Melle
Michael James Stewart
Miguel Lamar Cummins
Michael James de Grey Allingham
John Michael Brearley
Michael Henry Denness
Thaddeus Michael Findlay
Michael William Gatting
Michael Hendrick
Michael John Macaulay
Michael John Procter
Michael John Raymond Rindel
Michael Walter William Selvey
Michael John Froud Shrimpton
Michael John Knight Smith
Michael Robert John Veletta
Michael Watkinson
Michael Roy Whitney
Miles Cameron Bascombe
Tissa Appuhamilage Milinda Siriwardene
Amritsar Govindsingh Milkha Singh
Milton Robert Pydanna
Milton Aster Small
Minal Mahesh Patel
Minhajul Abedin
Malik Miran Bakhsh
Mirwais Ashraf
Misbah-ul-Haq Khan Niazi
Mitchell Guy Johnson
Mitchell Ross Marsh
Mitchell John McClenaghan
Mitchell Aaron Starc
Mithra de Silva Wettimuny
Mohammad Mithun Ali
Mluleki Luke Nkala
Moeen Munir Ali
Mohammad Aamer
Mohammad Akram Awan
Mohammad Ashraful
Mohammad Asif
Mohammad Aslam
Mohammad Ayub Dogar
Mohammad Azharuddin
Mohammad Farooq
Mohammad Hafeez
Mohammad Hussain
Mohammad Ilyas Mahmood
Mohammad Iqbal Butt
Mohammad Irfan
Mohammad Ishaq
Mohammad Kaif
Mohammad Kashif Hussain
Mohammad Khalil
Mohammad Munaf
Mohammad Nabi Eisakhil
Mohammad Nazir
Mohammad Nissar
Mohammad Qazi
Mohammad Rafique
Mohammad Ramzan
Mohammad Salim
Mohammad Salman
Mohammad Sami
Mohammad Shahzad
Mohammad Sharif
Mohammad Shehzad
Mohammad Sheikh
Mohammad Talha
Mohammad Tauqir Khan
Mohammad Wasim
Mohammad Yousuf
Mohammad Zahid
Mohammed Shami
Mohibullah Paak Oryakhel
Mohinder Amarnath Bhardwaj
Mohit Sharma
Mohsin Kamal
Mohsin Hasan Khan
Mohsin Mulla
Moin Aqeeb Ashraf
Mohammad Moin Khan
Moin-ul-Atiq
Moises Constantino Henriques
Mominul Haque
Monde Zondeki
Moneeb Mohammed Iqbal
AI Mohammad Moniruzzaman
Monte Alan Lynch
Montague Parker Bowden
Montague Alfred Noble
Mudhsuden Singh Panesar
Morappakam Joysam Gopalan
Mordecai Sherwin
Morice Carlos Bird
Morne Karg
Morné Morkel
Morne Nico van Wyk
Morris Amollo Ouma
Morris William Sievers
Mohammad Morshed Ali Khan
Khondaker Mosharraf Hossain
Motganhalli Laxminarsu Jaisimha
Mannava Sri Kanth Prasad
Mudassar Bukhari
Mudassar Nazar
Mufassir-ul-Haq
Mujahid Jamshed
Munaf Musa Patel
Munir Ahmed Dar
Munir Malik
Murali Kartik
Murali Vijay
Chidambaram Muralidharan Gautam
Murphy Logo Su'a
Murray John Bennett
Murray Bisset
Murray Ernest Chapple
Murray William Goodwin
Norman Murray Parker
Murray George Webb
Mohammad Mushfiqur Rahim
Mushfiqur Rahman
Mushtaq Ahmed
Syed Mushtaq Ali
Mushtaq Mohammad
Mohammad Mustafizur Rahman
Muthumudalige Pushpakumara
Muttiah Muralitharan
Nadeem Ahmed Abbasi
Nadeem Ahmed
Mohammad Nadeem Ghauri
Mohammad Nadeem Khan
Nadif Chowdhury
Naeem Ahmed Khan
Naeem Ashraf
Mohammad Naeem Islam
Naeemuddin Aslam
Mohammad Nafees Iqbal Khan
Naimur Rahman
Syed Najaf Hussain Shah
Najeeb Aamer
Najibullah Zadaran
Naman Vijaykumar Ojha
Padmanabh Govind Joshi
Mornantau Hayward
Naoomal Jaoomal Makhija
Venkatraman Narayan Swamy
Narendra Shankar Tamhane
Narendra Deepchand Hirwani
Naresh Bahadur Budayair
Nariman Jamshedji Contractor
Narsingh Deonarine
Naseer Ahmed Malik
Nasim-ul-Ghani
Nasir Ahmed
Nasir Hameed
Mohammad Nasir Hossain
Nasir Jamshed
Nasir Javed
Nasser Hussain
Nathaniel Frampton Davis Thomson
Nathan John Astle
Nathan Wade Bracken
Nathan Mitchell Coulter-Nile
Nathan Michael Hauritz
Nathan Michael Lyon
Nathan Leslie McCullum
Natsai M'shangwe
Naumanullah
Naushad Ali Rizvi
Navdeep Singh Poonia
Naved Anjum
Mohammad Naved Ashraf Qureshi
Naved Latif
Rana Naved-ul-Hasan
Mohamed Naveed Nawaz
Navin Derrick Stewart
Navjot Singh Sidhu
Nawroz Khan Mangal
Nayan Ramlal Mongia
Nazar Mohammad
Mohammad Nazimuddin Ahmed
Syed Nazir Ali
Mohammad Nazmul Hossain
Nazmus Sadat
Neal Victor Radford
Edward James Gregory
Nehemiah Odhiambo Ngoche
Nehemiah Odolphus Perry
Neil Amwin Treharne Adcock
Neil Trevor Broom
Neil Miller Carter
Neil Harvey Fairbrother
Neil Robert Ferreira
Neil Alan Foster
Robert Neil Harvey
Neil James Napier Hawke
Neil Clarkson Johnson
Neil Kruger
Neil John MacRae
Neil Alan Mallender
Neil Francis Ian McCallum
Neil Christopher McGarrell
Neil Douglas McKenzie
Neil Michael Knight Smith
Neil Wagner
Neil FetzGerald Williams
Nelon Troy Pascal
Nelson Betancourt
Nelson Mandela Odhiambo
Neville Alexander Knox
Nevil Vernon Lindsay
Neville Anthony Quinn
Neville Charsley Tufnell
Niall John O'Brien
Mohammad Niamur Rashid
Niaz Ahmed Siddiqi
Nicolas James Maddinson
Nic Pothas
Nicholas Alexander de Groot
Nicholas Ifill
Nicholas Brendan Beard
Nicholas Richard Denis Compton
Nicholas Grant Billson Cook
Nicholas Rayner Dyer
Nicholas Verity Knight
Nickholas Alexander Statham
Nico Boje
Nicolaas Hendrik Christiaan de Jong Theunissen
Nicolas Pooran
Nigel Esmé Haig
Nigel David Howard
Nigel Geoffrey Jones
Nikhil Dutta
Nikhil Chopra
Nikita O'Neil Miller
Nilantha Lakshitha Kithsiri Ratnayake
Nilesh Moreshwar Kulkarni
Clarence Everard Pellew
Nirode Ranjan Chowdhury
Mapa Rallalage Chandima Niroshan Bandaratilleke
Ungamandadige Nisal Kumudusiri Fernando
Nishantha Ranatunga
Nitish Roenik Kumar
Nixon Alexei McNamara McLean
Nizakat Khan
Nizel Fernandes
Njabulo Ncube
Nkruma Eljego Bonner
Edward Winchester Clark
Noel Arthur David
Noel Sherwin Harford
Spencer Noel McGregor
Nolan Ewatt Clarke
Noor Ali Zadran
Noor-ul-Haq Malekzai
Norbert Phillip
Norman Clifford Louis O'Neill
Norman George Cowans
Norman Gallichan
Norman Gifford
Norman Gordon
Norman Edgar Marshall
Norman Stewart Mitchell-Innes
Norman Ogilvie Norton
Norman Reid
Norman Walter Dransfield Yardley
Hubert Gouvaine Deane
Nurul Abedin
Kulasekara Mudiyanselage Dinesh Nuwan Kulasekara
Aththachchi Nuwan Pradeep Roshan Fernando
Demuni Nuwan Tharanga Zoysa
Nyron Sultan Asgarali
Oliver James Hannon-Dalby
Oliver Llewellyn Pitcher
Oliver James Hairs
Omar Henry
Omar Jamel Phillips
Omari Ahmed Clemente Banks
Rana Omer Hussain
Charles Ormerod Cato Pearse
Oronde Omari Bascome
Oscar Constantine Da Costa
Oswald Charles Dawson
Ottis Delroy Gibson
Otto Ernest Nothling
Owais Alam Shah
Owen Robert Dunell
Owen Edgar Wynne
Pananmal Hotchand Punjabi
Pankaj Dharmani
Pankaj Roy
Pankaj Singh
Paras Khadka
Paras Laxmikant Mhambrey
Parbhu Govan Nana
Parth Ajaykumar Desai
Parthasarathy Harishchandra Sharma
Parthiv Ajaybhai Patel
Parvez Jamil Mir
Parvez Rasool Zarghav
Parvinder Awana
William Patrick Anthony Crawford
Patrick James Cummins
Patrick Ian Pocock
Patrick Leonard Symcox
Patrick Henry Joseph Trimborn
Patrick Anderson Browne
Balfour Patrick Patterson
Elias Henry Hendren
Patterson Ian Chesterfield Thompson
Paul Regan Adams
Paul John Walter Allott
Paul Thomas Barton
Paul David Collingwood
Paul Rupert Downton
Paul John Franks
Paul Antony Gibb
Adrian Paul Grayson
Paul Lee Harris
Paul Anthony Hibbert
Paul Anthony Hitchcock
Paul Jacob Christopher Hoffmann
Paul William Jarvis
Paul Ernest McEwan
Paul John Kevin Mooney
Paul Andrew Nixon
Paul William Giles Parker
Paul Ronald Reiffel
Andrew Paul Sheahan
Paul Robert Stirling
Paul Andrew Strang
Jonathan Paul Taylor
Vivian Paul Terry
Paul Adriaan van Meekeren
Paul Erskine Whitelaw
Paul Wilson
Paul Lyndhurst Winslow
Paul Gordon Wintz
Paul John Wiseman
Pedro Tyrone Collins
Percie Chater Charlton
Arthur Percy Frank Chapman
Percy George Herbert Fender
Percy Holmes
Percival Mitchell Hornibrook
Percy Neville Frank Mansell
Alfred Percy Marr
Peter Alexander McAlister
Percy Stanislaus McDonnell
Percy William Sherwell
Percy Sydney Twentyman-Jones
Pervez Sajjad Hasan
Harry Peter Rinke
Peter David Trego
Peter John Allan
Peter William Borren
Peter John Parnell Burge
Peter Edward Cantrell
Peter Rudolph Carlstein
Peter George Coman
Peter Christopher Connell
Peter James Forrest
Peter Gordon Fulton
Peter Robert George
Peter Gerard Gillespie
Peter Samuel Heine
Peter John Ingram
Peter Noel Kirsten
Patrick Douglas Lashley
Peter Lever
Peter James Loader
Peter James Martin
Peter Barker Howard May
Peter Donald McGlashan
Peter Edward McIntyre
Peter Jimmy Ongondo
Peter Howard Parfitt
Peter James Petherick
Peter Ian Philpott
Peter Maclean Pollock
Peter Walter Edward Rawson
Peter Edward Richardson
Peter Matthew Siddle
Peter Raymond Sleep
Thomas Peter Bromley Smith
Peter Mark Such
Peter Laurence Taylor
Peter Michael Toohey
Peter Bennetts Truscott
Peter Laurence van der Merwe
Peter Michael Walker
Peter Neil Webb
Peter Willey
Phillip Henry Carlson
Phillip Anthony Jason DeFreitas
Philippe-Henri Edmonds
Philip Allen Emery
Philip Andrew Horne
Philip Anthony Jaques
Philip Keith Lee
Charles Philip Mead
Philip John Newport
Philip Verant Simmons
Philip Clive Roderick Tufnell
Philip Steven Eaglestone
Philip Albert Myburgh Hands
Philip Hutchinson
Philip Mustard
Philip John Sharpe
Phillip Joel Hughes
Philo Alphonso Wallace
Phiroze Edulji Palia
Pieter Marinus Seelaar
Pieter Coenraad Strydom
Pieter Gerhard Vintcent van der Bijl
Piyal Kashyapa Wijetunge
Piyush Pramod Chawla
Paul-Jan Bakker
Percy Tyson Lewis
Pelham Francis Warner
Pochiah Krishnamurthy
Pahlanji Ratanji Umrigar
Mpumelelo Mbangwa
Ratnayake Arachchige Prabath Nissanka
Pradeep Singh Airee
Pradeep Sri Jayaprakashdaran
Pradeep Sangwan
Praful Swantilal Mehta
Pragyan Prayish Ojha
Prakash Bhandari
Gallage Pramodya Wickramasinghe
Pranab Roy
Hewasandatchige Asiri Prasanna Wishvanath Jayawardene
Prashant Sridhar Vaidya
Praveenkumar Sakat Singh
Pravin Kalyan Amre
Preston Luke Mommsen
Prior Erskine Waverley Jones
Prosper Utseya
Pubudu Bathiya Dassanayake
Hugh Motley Thurlow
Pulasthi Waruna Gunaratne
Ellis Edgar Achong
Qaiser Abbas
Qaiser Ali
Mohammad Qasim Sheikh
Qasim Ali Umar
Quintin McMillan
Quinton de Kock
Raees Khan Ahmadzai
Rafiqul Alam
Mohammad Rafiqul Islam Khan
Ragheb Gul Aga
Adwai Raghuram Bhat
Rahat Ali
Rahmat Shah Zurmatai
Rahul Sharad Dravid
Rahul Laxman Sanghvi
Rajab Wazir Ali
Rajat Bhatia
Rajesh Lalji Bhudia
Rajesh Kumar Chauhan
Khondokar Mohammad Rajin Saleh Alam
Rajinder Pal
Rajinder Singh Ghai
Rajindra Dhanraj
Rajiv Ramesh Kulkarni
Rakep Rajendrabhai Patel
Rakesh Chandra Shukla
Ralph Archibald Legall
Ramakant Bhikaji Desai
Raman Lamba
Raman Subba Row
Surendranath
Rameez Hasan Raja
Ramesh Vithaldas Divecha
Ramesh Rajaram Powar
Ramesh Chandra Saxena
Ramesh Kumar Sethi
Ramith Laksen Bandara Rambukwella
Ramnaresh Ronnie Sarwan
Ramnath Baburao Kenny
Ramnath Dhondu Parkar
Ramveer Rai
Randhir Singh
Sriranga Wasudev Sohoni
Herath Mudiyanselage Rangana Keerthi Bandara Herath
Rangy Nanan
Bikash Ranjan Das
Frederick Ranjan Manilal de Silva Gunatilleke
Ranjan Senerath Madugalle
Herbert Vivian Hordern
Edward Ranjit Fernando
Madurasinghe Arachchige Wijayasiri Ranjith Madurasinghe
Raphick Rasif Jumadeen
Raqibul Hasan
Rashid Khan Arman
Rashid Khan
Rashid Latif
Rashid Ghulam Mohammad Patel
Rashid Zia
Ravinder Singh Bopara
Ravindranath Rampaul
Joseph Ravindran Ratnayeke
Ravishankar Jayadritha Shastri
Ravichandran Ashwin
Ravindrasinh Anirudhsinh Jadeja
Karuppiahyage Ravindra Pushpakumara
Ravindu Dhirajlal Shah
Rawl Nicholas Lewis
Raymond James Bright
Raymond William George Emery
Raymond Illingworth
Raymond Russell Lindwall
Raymond William Price
Rayford Harold Robinson
Rayad Ryan Emrit
Rayyan Khan Pathan
Raza Hasan
Raza-ur-Rehman
Reece Alan Young
Reetinder Singh Sodhi
Reginald Thomas David Perks
Reginald Osmond Scarlett
Reginald Thomas Simpson
Reginald Albert Sinfield
Regan Morris West
Reginald Alexander Duff
Reginald Oscar Schwarz
Reginald Herbert Spooner
Reginald Charles Allen
Reginald Erskine Foster
Reginald Harry Myburgh Hands
Reginald Wood
Regis Wiriranai Chakabva
Reinhardt Strydom
Reinout Hans Scholte
Reon Dane King
Reginald Hugh Durning Sellers
Riaan Walters
Mohammad Riaz Afridi
Riaz Husein Poonawala
Ricardo Lloyd Powell
Richard Arkwright Austin
Richard John Blakey
Richard Owen Collinge
Richard Kevin James Dawson
Richard Paul de Groen
Richard Dumbrill
Richard Martin Edwards
Richard Mark Ellison
Richard Simeon Gabriel
Richard John Hadlee
Richard Anthony Hutton
Richard Keith Illingworth
Richard Leonard Johnson
Richard Andrew Jones
Richard Ernst Levi
Richard George Petrie
Richard Nixon Ramdeen
Richard Bruce Reid
Richard William Sims
Richard Peter Snell
Richard Wayne Staple
Richard John Webb
Richard Benaud
Richard Douglas Berrington
Richard Benjamin Richardson
Richard Daryl Robinson
Richmond Mutumbami
Warrick Maxwell Darling
Richard Bede McCosker
Ricky Thomas Ponting
Ridley Detamore Jacobs
Rikki Clarke
Rizwan Ahmed Farid
Rizwan Ahmed Cheema
Rizwan Ahmed Latif
Rizwan-uz-Zaman Khan
Robert John Bailey
Robert James Nicol
Robert Garry Hart
Robert Byers Kerr
Robert Wickham Anderson
Robert Grantley Callender
Robert Julian Christiani
Robert Damien Bale Croft
Robert Reid Dower
Robert Anthony Gleeson
Robert Graham
Robert Lyon Harvey
Robert Christopher Haynes
Robert John Kennedy
Robert William Trevor Key
Robert Montagu Poore
Robert John Quiney
Robert George Samuels
Robert Burnard Stewart
Robert Meadows Lombe Taylor
Robert Frank van Oosterom
Robert Howard Vance
Robin David Brown
Michael Robin Bynoe
Robin Nicholas Stuart Hobbs
Robin David Jackman
Robin Simon Christopher Martin-Jenkins
Robin John Peterson
Robin Singh
Rabindra Ramanarayan Singh
Robin Arnold Smith
Robin Venu Uthappa
SK Robiul Islam
Evelyn Rockley Wilson
Rodney Terry Latham
Rodney William Marsh
Rodney John McCurdy
Rodney Malcolm Hogg
Rodney Ernest Redmond
Rodney Jamel Trott
Roelof Erasmus van der Merwe
Roger Michael Humphrey Binny
Roger Charles Blunt
Roger Andrew Harper
Roger Meredith Harris
Michael Joseph Hartigan
Roger Malcolm Prideaux
Roger Telemachus
Roger William Tolchard
Roger Graham Twose
Roger Kyran Whelan
Roger Gerard Christopher Ediriweera Wijesuriya
Roger Douglas Woolley
Rohan Phillmore Alexander
Rohan Sunil Gavaskar
Rohan Stanley Amarasiriwardene Jayasekera
Rohan Bholalall Kanhai
Rohan Mustafa
Rohit Gurunath Sharma
Roland Orlando Butcher
Roland Irwin Christopher Holder
Roland Philippe Lefebvre
Roland James Pope
Rolland Beaumont
Rolph Stewart Grant
Roland Oliver Jenkins
Romesh Shantha Kaluwitharana
Ronald Graham Archer
Ronald Arthur Gaunt
Ronald Arthur Hamence
Ronald Terence Hart
Ronald George Alphonso Headley
Ronald Keven Oxenham
Ronald Arthur Saggers
Ronald George Draper
Ronald Thomas Stanyforth
Ronald Eustace Grieveson
Roneel Magan Hira
Ronald Charles Irani
Rory James Hamilton-Brown
Rory Keith Kleinveldt
Rory Desmond McCann
Roshan Punyajith Wijesinghe Guneratne
Baba Roshan Jurangpathy
Roshan Siriwardene Mahanama
John Ross Frederick Duncan
Ross Edwards
Ross Gerald Gregory
Ross Thomas Lyons
Ross Winston Morgan
Luteru Ross Poutoa Lote Taylor
Roy Luke Dias
Roy Clifton Fredericks
Roy Gilchrist
Roy Ivan Harford
Roy Kilner
John Patrick Roy Lamsam
Roy Edwin Marshall
Roy Alastair McLean
Roy Samuel Miller
Roy Baldwin Minnett
Roy Lindsay Park
Roy Hamilton Scott
Roy Swetman
Roy Tattersall
Roydon Leslie Hayes
Royston Tycho Crandon
Mohammad Rubel Hossain
Panagodage Don Ruchira Laksiri Perera
Rudi Edwin Bryson
Philippus Jeremia Rudolf Steyn
Rudolph Janse van Vuuren
Rumesh Joseph Ratnayake
Runako Shakur Morton
Runish Dinesh Gudhka
Rustomji Sheriyar Modi
Rusi Framroze Surti
Russel Premakumaran Arnold
William Russell Endean
Rustam Ali Bhatti
Rustomji Jamshedji Dorabji Jamshedji
Ruud Gerard Nijman
Ruvindu Gunasekera
Ruwan Senani Kalpage
Ryan Anthony Austin
Ryan John Campbell
Ryan Graham Leslie Carters
Ryan Flannigan
Ryan Samuel Haire
Ryan James Harris
Ryan Shaun Higgins
Ryan O'Neal Hinds
Ryan O'Neal Hurley
Ryan McLaren
Ryan Rakesh Ramdass
Ryan Jay Sidebottom
Ryan Devon Steede
Ryan Neil ten Doeschate
Ryan Robert Watson
Subramaniam Badrinath
Shanthakumaran Sreesanth
Saadat Ali
Syed Saba Karim
Mohammad Sabbir Rahman
Sachin Ramesh Tendulkar
Senanayake Mudiyanselage Sachithra Madhushanka Senanayake
Sadagoppan Ramesh
Sadanand Viswanath
Sadashiv Raoji Patil
Sadiq Mohammad
Sadashiv Ganpatrao Shinde
Saeed Ahmed
Saeed Ajmal
Saeed Anwar
Mohammad Saeed Azad
Saeed-al-Saffar
Safyaan Mohammed Sharif
Sagar Pun
Mohammad Saiful Islam Khan
Harding Isaac Young
Sairaj Vasant Bahutule
Karunakalage Sajeewa Chanaka de Silva
Sajeewa Weerakoon
Sajid Ali
Sajid Iqbal Mahmood
Sajidul Islam
Sajjad Ahmed
Sajjad Akbar
Salahuddin Mulla
Sheikh Salahuddin Ahmed
Saleem Altaf Bokhari
Saleem Elahi
Saleem Jaffar
Saleem Malik
Saleem Mukuddem
Saleem Pervez
Saleem Raza
Saleem Yousuf
Salil Ashok Ankola
Salim Aziz Durani
Franklyn Saliya Ahangama
Salman Butt
Salman Faris
Cecil Cook
John Bryant Gannon
Simpson Clairmonte Guillen
Samuel John Everett Loxton
Samuel Morris
Samuel David Robson
Samuel James Staples
Samawiri Walusimbi
Samuel Raymond Wells
Warushavithana Saman Jayantha
Sameer Sudhakar Dighe
Sameer Zia
Abdus Sami Faridi
Samit Rohit Patel
Samiullah Khan Niazi
Samiullah Shenwari
Samiur Rahman
Hanson Carter
Samuel Percy Jones
Samuel Moses James Woods
Samuel Badree
Sanath Teran Jayasuriya
Sanath Mohan Silva Kaluperuma
Sandeep Kumar Gupta
Sandeep Jyoti
Sandeep Madhusudan Patil
Sandeep Sharma
Sandford Spence Schultz
Alexander John Bell
Sanjay Bapusaheb Bangar
Sanjay Vijay Manjrekar
Sanjay Susanta Raul
Sanjayan Thuraisingam
Sanjeev Kumar Sharma
Sanjeeva Ranatunga
Colombage Don Udesh Sanjeewa Weerasinghe
Sanju Viswanath Samson
Mohammad Sanwar Hossain
Saqib Ali
Saqlain Haider
Saqlain Mushtaq
Saradindu Purnendu Mukherjee
Sarandeep Singh
Sarel Francois Burger
Sarfraz Nawaz Malik
Saurabh Sunil Tiwary
Schofield Haigh
Alistair Innes Taylor
Scott George Borthwick
Scott Andrew Muller
Scott Bernard Styris
Sean Anthony Abbott
Sean Gerard Davies
Sean Michael Ervine
Sean Colin Williams
Seekkuge Prasanna
Septimus Kinneir
Seren Robert Waters
Seth Hayden Arnold Rance
Sewdatt Shivnarine
Sewnarine Chattergoon
Seymour MacDonald Nurse
Shabbir Ahmed Khan
Shabir Ahmed Noori
Mohammad Shadab Kabir Siddiqi
Elle Hennadige Shadeep Nadeeja Silva
Shafiek Abrahams
Shafiq Ahmed
Mohammad Shafiqullah Shinwari
Shafiuddin Ahmed
Shafiul Islam
Shafqat Rana
Nyalchand Sukhlal Shah
Kazi Shahadat Hossain
Shaheed Keshvani
Shaheedur Rahman Chowdhury
Sahibzada Mohammad Shahid Khan Afridi
Shahid Anwar
Shahid Israr
Shahid Mahboob
Shahid Mahmood
Shahid Nazir Bajwa
Shahid Saeed
Mohammad Shahriar Hossain
Shahriar Nafees Ahmed
Shahzad Altaf Hussain
Shahzad Khan
Mohammad Shahzaib Hasan Khan
Shaiman Anwar Butt
Mohammad Shakeel Ahmed
Shakeel Ansar
Shakeel Ahmed Khan
Shakib Al Hasan
Shakti Prasad Gauchan
Ranaweera Mudiyanselage Shaminda Eranga
Mohammad Shamsur Rahman
Shan Masood Khan
Shanan Luke Stewart
Shane Edward Bond
Shane Michael Harwood
Shane Lee
Shane Shillingford
Shane Alexander Thomson
Shane Keith Warne
Shane Robert Watson
Shannon Terry Gabriel
Shantha Kalavitigoda
Shapoor Zadran
Sharad Vesawkar
Sharif Asadullah
Shariful Haque
Sharjeel Khan
Shaukat Fakirbhai Dukanwala
Shaul Hameed Uvais Karnain
Shaun Francis Graf
Shaun Edward Marsh
Shaun Maclean Pollock
Shaun William Tait
Shaun David Udal
Shaun Young
Shawn Eli Findlay
Shayne Barry O'Connor
Sheldon Shane Cotterell
Shem Obado Ngoche
Sher Bhadur Lama
Sherwin Legay Campbell
Sherwin Ganga
Shikhar Dhawan
Shingirai Winston Masakadza
Shiraz Sumar
Shiv Sunder Das
Nandlal Shivlal Yadav
Shivnarine Chanderpaul
Shoaib Akhtar
Shoaib Khan
Shoaib Malik
Shoaib Mohammad
Henry Dudley Gresham Leveson-Gower
Shujauddin Butt
Stanley Keppel Coen
Sarobindu Nath Banerjee
Shuvagata Hom Chowdhury
Sidney George Barnes
Sidney Hand Emery
Sidney O'Linn
Sidney James Pegler
Sidath Wettimuny
Sikandar Raza Butt
Sikander Bakht
Simon John Emmerson Brown
Simon Hewitt Cook
Simon Peter Davis
Simon Blair Doull
Simon Philip Jones
Simon Mathew Katich
Simon Christopher Kerrigan
Simon Patrick O'Donnell
Simon James Stevenson Smith
Sivert Vause Samuelson
Skhawat Ali
Cyril Rutherford Browne
Mohammad Sohag Gazi
Sohaib Maqsood
Sohail Butt
Sohail Fazal
Sohail Khan
Sohail Tanvir
Dandeniyage Somachandra de Silva
Sompal Kami
Denis Andrew Robert Moloney
Sonny Ramadhin
Sorabji Hormasji Munchersha Colah
Soumya Sarkar
Sourav Chandidas Ganguly
Sridharan Jeganathan
Sridharan Sriram
Srinivasaraghavan Venkataraghavan
Stanley Joseph McCabe
Morris Stanley Nichols
Thomas Stanley Worthington
Stanley Christopherson
Deva Lokesh Stanley de Silva
Francis Stanley Jackson
Stanley de la Courtte Snooke
Stefan Kievon Wayne Kelly
Stephan Jacobus Swanepoel
Stephanus Johannes Myburgh
Stephen Lewis Boock
Stephen Paul Fleming
Stephen James Harmison
Stephen David Parry
Stephen Guy Peall
George Stephen Camacho
Steven Elworthy
Stephen Peter James
Steven J Massiah
Stephen Norman John O'Keefe
Steven John Palframan
Steven John Rhodes
Stephen John Rixon
Steven Barry Smith
Stephen David Snell
Stephen Ogonji Tikolo
Steven Llewellyn Watkin
Stephen Rodger Waugh
Steven Michael Davies
Steven Thomas Finn
Steven Douglas Jack
Steven Anthony Jacobs
Steven Paul Kirby
Steven Willem Lubbers
Steven Davonne Outerbridge
Steven Andrew Patterson
Steven Peter Devereux Smith
Steven Richard Welsh
Stewart Paul Heaney
Charles Stewart Dempster
Hunter Scott Thomas Laurie Hendry
Stuart Ross Gillespie
Stuart James Roberts
Stuart Terence Roger Binny
Stuart Christopher John Broad
Stuart Vance Carlisle
Stuart James Chalmers
Stuart Rupert Clark
Stuart Grant Law
Stuart Charles Glyndwr MacGill
Stuart Matsikenyeri
Stuart Christopher Meaker
Stuart Robert Thompson
Stuart Clayton Williams
Subhashchandra Pandharinath Gupte
Subrata Guha
Subroto Tara Banerjee
Sudath Prajiv Pasqual
Sudeep Tyagi
Ramchandra Sudhakar Rao
Sudhir Sakharam Naik
Mohammad Suhrawadi Shuvo
Weddikkara Ruwan Sujeewa de Silva
Sujith Bijjahali Somasunder
Sulieman Jamaal Benn
Sultan Mohammad Zarawani
Sunil Dhaniram
Sunil Manohar Gavaskar
Sunil Asoka Jayasinghe
Sunil Bandacharya Joshi
Sunil Philip Narine
Sunil Ramsay de Silva Wettimuny
Hewa Kaluhalmullage Suraj Randiv Kaluhalamulla
Ranasinghe Arachchige Suranga Lakmal
Surendra Seeraj
Anhettige Suresh Asanka Perera
Suresh Kumar Raina
Surinder Amarnath Bhardwaj
Surinder Chamanlal Khanna
Surendra Vithal Nayak
Suruj Ragoonath
Suryakumar Ashok Yadav
Ellekutige Rufus Nemesion Susil Fernando
Swapnil Prakash Patil
Sydney Harry Curnow
Sydney Edward Gregory
Sydney Francis Barnes
Sydney Frank Burke
Sydney Thomas Callaway
Syed Abid Ali
Syed Mujtaba Hussein Kirmani
Syed Maqsood Ahmed
Syed Rasel
Syed Wazir Ali
Sylvester Theophilus Clarke
Sylvester Cleofoster Joseph
Thirunavukkarasu Kumaran
Thirumalai Ananthanpillai Sekhar
Tabarak Hussain Dar
Tafadzwa Paul Kamungozi
Tafadzwa Vintlane Mufambisi
Khwaja Tahir Naqqash
Talat Ali Malik
Talha Jubair
Tamahau Karangatukituki Canning
Tamauri Eugene Tucker
Tamim Iqbal Khan
Tanmay Mishra
Tanvir Afzal
Tanvir Ahmed
Tanvir Mehdi
Tapash Kumar Baisya
Mohammad Tareq Aziz Khan
I Tariq Iqbal
Tariq Javed
Tarun Sai Nethula
Taskin Ahmed
Taslim Arif Abbasi
Tatenda Taibu
Taufeeq Umar
Tauseef Ahmed
Tawanda Mupariwa
Edward Lambert a'Beckett
Edward George Arnold
Frederick Theodore Badcock
Edward Henry Bowley
Edward Ralph Dexter
Edgar Arthur McDonald
Edgar Milton Meuli
Edwin James Tyler
Edward Wainwright
Edward Lisle Goldsworthy Hoad
Edward George Wynyard
Temba Bavuma
Tendai Larry Chatara
Terence Michael Alderman
Terrence Duffin
Terrence Wayne Jarvis
Terrence James Jenner
Tertius Bosch
Thami Lungisa Tsolekile
Mthandeki Samson Tshabalala
Nishad Tharanga Paranavitana
Paskuwal Handi Tharindu Kaushal
Thelston Rodney O'Neale Payne
Thilan Thusara Samaraweera
Magina Thilan Thushara Mirando
Sahan Hewa Thilina Kandamby
Marthinus Jacobus Fourie
Thirumalai Echambadi Srinivasan
Narangoda Liyanaarachchilage Tissara Chirantha Perera
Thomas Joseph Dart Kelly
Thomas Odoyo Migai
Thomas William Routledge
Albert Cotter
Walter Latter Cornford
Alfred Percy Freeman
Herbert Roy Lance
Ernest James Smith
Tillakaratne Mudiyanselage Dilshan
Timothy Raymond Ambrose
Timothy Thomas Bresnan
Timothy Stephen Curtis
Timotheus Bernardus Maria de Leede
Timothy George Johannus Gruijters
Timothy Paul Ludeman
Timothy Brian Alexander May
Timothy Gavin McIntosh
Timothy Alan Munton
Timothy James Murtagh
Timothy Carew O'Brien
Timothy David Paine
Robert Timothy Robinson
Timothy Gower Shaw
Timothy Trudeau Smart
Timothy Grant Southee
Thomas Welbourn Wall
Timothy Ian Weston
Timothy Joseph Zoehrer
Timm van der Gugten
Timycen Maruma
Tinashe Panyangara
Tino la Bertram Best
Tinotenda Mbiri Kanayi Mawoyo
Confidence Tinotenda Mutombodzi
Tinu Yohannan
Sibley John Snooke
Edward Oluoch Odumbe
Todd Duncan Astle
Thomas Armitage
Thomas Browning Burtt
Thomas Campbell
Thomas William Cartwright
Tom Lexley William Cooper
Tom Nico de Grooth
David Thomas Dewdney
Horace Edgar Dollery
Thomas Emmett
Thomas William Garrett
Thomas William John Goddard
Thomas William Graveney
Thomas Underwood Groube
Thomas Walter Hayward
Thomas Josephus Heggelman
Tom George Hogan
Thomas Patrick Horan
Thomas Kingston Kendall
Edgar Thomas Killick
Thomas William Maxwell Latham
Thomas Coleman Lowry
Thomas Robert McKibbin
Thomas Masson Moody
Narotam Puna
Thomas Richardson
Thomas Robert Veivers
Thomas James Edwin Andrews
Thomas Greenhough
Thomas Bignall Mitchell
Oscar Charles Scott
Thomas Alfred Ward
Tony Elston Blain
Anthony Ross Dell
Anthony Ian Christopher Dodemaide
Anthony Hollis Gray
Anthony William Greig
Terence Anthony Harris
Anthony Bourne Howard
Anthony Robert Lewis
Graham Anthony Richard Lock
Anthony Roy MacGibbon
Anthony Longford Mann
Antony Ralph Marinon Opatha
Anthony Charles Shackleton Pigott
Anthony John Pithey
Charles Anthony Reid
Otieno Suji Ondik
Anthony Wilbur White
Travis Rodney Birt
Travis Montague Dowlin
Travis John Friend
Treadwell Gibbons
Trent Alexander Boult
Trent Aaron Copeland
David Trent Johnston
Trevin Callistus Bastiampillai
Trevor Edward Bailey
Richard Trevor Barber
Trevor Martin Chappell
Trevor John Franklin
Trevor Nyasha Garwe
Trevor Leslie Goddard
Trevor Raymond Gripper
Trevor Victor Hohns
Trevor Edward Jesty
Trevor John Laughlin
Trevor Nyasha Madondo
Trevor George McMahon
Trevor Meale
Norman Bertram Fleetwood Mann
Harold Geoffrey Owen Owen-Smith
Sheikh Tushar Imran
Tyrell Fabian Johnson
Tyron Henderson
Tyson George Gordon
Ujesh Ranchod
Mohammad Umar Akmal
Umar Amin
Umar Bhatti
Umar Gul
Umesh Narayan Kulkarni
Umeshkumar Tilak Yadav
Unmukt Bharat Thakur Chand
Umagiliya Durage Upul Chandana
Warushavithana Upul Tharanga
Usman Afzaal
Usman Khan Shinwari
Usman Tariq Khawaja
Usman Limbada
Usman Salahuddin
Uton George Dowe
Utpal Subodh Chatterjee
Vakkadai Biksheswaran Chandrasekhar
Vallance William Crisp Jupp
Vaman Viswanath Kumar
Vanburn Alonzo Holder
Varun Raymond Aaron
Vasant Baburao Ranjane
Vasbert Conniel Drakes
Vaughan Raymond Brown
Vaughn Bernard van Jaarsveld
Veerasammy Permaul
Venkatappa Musandra Muddiah
Sagi Lakshmi Venkatapathy Raju
Venkataraman Subramanya
Bapu Krishnarao Venkatesh Prasad
Verdun John Scott
Vernon Darryl Philander
Vernon Seymour Ransford
Vernon Peter Fanshawe Archer Royle
Claude Vibart Wight
Victor Alexander Barton
Victor James Marks
Victor Pollard
Victor York Richardson
Victor Humphrey Stollmeyer
Victor D Grandia
Phenyo Victor Mpitsang
Victor Thomas Trumper
Raghvendrarao Vijay Bharadwaj
Vijay Dahiya
Vijay Samuel Hazare
Vijay Laxman Manjrekar
Vijay Laxman Mehra
Vijaysingh Madhavji Merchant
Vijay Rajindernath
Vijay Yadav
Vijay Hari Zol
Vikram Rathour
Vikram Singh Solanki
Vikrant Shetty
Ranganath Vinay Kumar
Vincent Richard Hogg
Vincent John Wells
Vincent Maximillian Tancred
Vincent Adolphus Valentine
Vinod Ganpat Kambli
Mulvantrai Himmatlal Mankad
Vinoo Arsh Baldewpersad Tewarie
Vinothen Bede John
Virat Kohli
Virender Sehwag
Isaac Vivian Alexander Richards
Vivek Razdan
Vivian Ian Smith
Vivian Jilling Kingma
Vijayananda Gajapathi Raju (Sir Maharajkumar of Vizanagram)
Vusimuzi Sibanda
Vangipurappu Venkata Sai Laxman
Waddington Mwayenga
Wahab Riaz
Wahidul Gani
Syed Wajahatullah Wasti
Wallis Mathias
Walter John Edwards
Arthur Theodore Wallace Grout
Walter Reginald Hammond
Harold Thomas William Hardinge
Walter Brearley
Walter Frank Giffen
Walter Arnold Hadlee
William Walter Keeton
Walter Scott Lees
Walter Mead
Walter William Read
Robert Walter Vivian Robins
Waqar Hasan
Waqar Younis Maitla
Waqas Barkat
Warren Bardsley
Warren Kevin Hegg
Warren Kenneth Lees
Warren Charles McSkimming
Leslie Warren Stott
Warren Anthony Wisneski
Warwick Windridge Armstrong
Wasim Akram
Wasim Bari
Wasim Haider
Wasim Jaffer
Wasim Hasan Raja
Wavell Wayne Hinds
Wayne Maxwell Clark
Wayne Wendell Daniel
Wayne Robert James
Wayne Larkins
Wayne Dillon Parnell
Wayne Bentley Phillips
Wayne Andrew White
Wazir Mohammad
Wesley John Durston
Wesley Winfield Hall
Wesley Barresi
William Gilbert Grace
Wilfred Barber
Wilfred Ferguson
Wilfred Norris Slack
Wilfred Patrick Diepeveen
Wilfred Flowers
Wilfred Rhodes
William Ingleby Jefferson
William Attewell
William Henry Brann
William Bruce
William Chatterton
William Henry Cooper
William Victor Stone Ling
William Henry Milton
William Henry Moule
William Keith Donald Perkins
William Thomas Stuart Porterfield
William Roderick Robertson
William Henry Scotton
William Alfred Shalders
William Rodger Thomson Solomon
William George Quaife
William Vicente Rodriguez
Willie Watson
Willis Robert Cuttell
Wilton H St Hill
Winston Keithroy Matthew Benjamin
Winston Walter Davis
Winston Place
Woorkeri Venkat Raman
Wriddhaman Prasanta Saha
Wynne Pennell Bradburn
Xavier John Doherty
Xavier Melbourne Marshall
Xenophon Constantine Balaskas
Yajurvindra Singh
Yalaka Venugopal Rao
Khesan Yannick Gabriel Ottley
Yashpal Sharma
Yasir Ali
Yasir Arafat Satti
Yasir Hameed Qureshi
Yasir Shah
Yograj Singh Bhagsingh Bhundel
Yohan Goonasekera
Mohammad Younis Ahmed
Mohammad Younis Khan
Yunus Badat
Yusuf Adam Abdulla
Yusuf Khan Pathan
Yadavendrasingh
Yuvraj Singh
Zafar Iqbal Chaudhry
Syed Zaheer Abbas Kirmani
Zaheer Khan
Syed Zahid Ahmed Naqvi
Zahid Fazal
Zahid Hussain
Zahid Razzak
Zahid Shah
Zahoor Elahi
Zain Abbas
Mohammad Zakir Hasan
Zakirullah Khan
Zakiullah Zaki
Mohamed Zameer Zahir
Zamir Khan
Zander de Bruyn
Zeeshan Hussain Siddiqi
Mohammad Ziaur Rahman
Parke Gerald Zinzan Harris
Zubin Eruch Surkari
Zulfiqar Ahmed
Zulfiqar Ali
Mohammad Zulfiqar Babar
Zulqarnain
Zulqarnain Haider
Kevin Peter Pietersen
Mitchell Josef Santner
Marcus Peter Stoinis
Dickwella Patabandige Dilantha Niroshan Dickwella
Samuel William Billings
Mohammad Rizwan
Mohammad Babar Azam
Manish Krishnanand Pandey
Balapuwaduge Kusal Gimhan Mendis
Adam Zampa
Scott Michael Boland
Billy Stanlake
Kannur Lokesh Rahul
Hardik Himanshu Pandya
Jasprit Jasbirsingh Bumrah
Lungisani True-man Ngidi
Shimron Odilon Hetmyer
Alex Tyson Carey
Vijay Shankar
Rishabh Rajendra Pant
Yuzvendra Singh Chahal
Shreyas Santosh Iyer
Keemo Mandela Angus Paul
Alei Nao
Jason Jonathan Roy
Rishi Dhawan
Abdul Shakoor Bangash
Abu Jayed Chowdhury
Adnan Mufti
Mohammad Bilal Asif
Damien Ravu
Ehsan Khan
Fahim Ashraf
Fareed Ahmad Malik
Hazratullah Zazai
Ihsanullah Janat
Syed Imad Wasim
Jatinder Singh
Kaleemullah
Kamran Shazad
Karim Janat
Khurram Nawaz Khan
Pramod Bhanuka Bandara Rajapaksa
Mthokozisi Shezi
Mehedi Hasan
Mohammad Saifuddin
Nosaina Pokana
Najeeb Tarakai
Nasir Aziz
Nasir Jamal Ahmadzai
Qadeer Ahmed Khan
Rameez Shahzad
Rokhan Barakzai
Wedagedara Sadeera Rashen Samarawickrama
Shane Omari Dowrich
Sunil Walford Ambris
Salman Faisal Abdul Karim Farooq
Sami Aslam
Sayed Ahmed Shirzad
Sharafuddin Ashraf
Tabraiz Shamsi
Taijul Islam
Vikram Rajvir Singh
Waqas Khan
Mohammad Yamin Ahmadzai
Zafar Gohar Khan
Anshuman Rath
Christopher James Carter
Mohammad Nadeem
Mohammad Naveed Saleem
Qazi Nurul Hasan
Rumman Raees Khan
Hafiz Saad Nasim
Umair Ali Khan
Usman Ghani
Fakhar Zaman
Gurkeerat Singh Mann
Mosaddek Hossain
Subashis Roy
Sunzamul Islam
Bilal Khan
Simranjit Singh
Zahoor Khan
